"Date time","Minimum Temperature","Maximum Temperature","Relative Humidity","Wind Speed","Precipitation","Cloud Cover","Sea Level Pressure","Latitude","Longitude"
"01/01/2011",-8,-4,96.04,22.3,0,89.9,1021.4,47.0518,21.9387
"01/02/2011",-6,-3,96.89,18.4,0,95.5,1017.7,47.0518,21.9387
"01/03/2011",-6,-2,95.71,11.2,0,98,1021.5,47.0518,21.9387
"01/04/2011",-4,-3,88.03,7.6,0,93.8,1026,47.0518,21.9387
"01/05/2011",-10.1,-2,82.15,14.8,0,36.2,1026.1,47.0518,21.9387
"01/06/2011",-9,2,78.98,14.8,0,14,1024.2,47.0518,21.9387
"01/07/2011",3,8,68.46,29.5,0.37,92.8,1022.6,47.0518,21.9387
"01/08/2011",6.3,10,75.8,25.9,0,95.1,1020.9,47.0518,21.9387
"01/09/2011",4,11,83.28,29.5,0.3,51.2,1020.7,47.0518,21.9387
"01/10/2011",3,12,77.71,25.9,0,24.9,1021.2,47.0518,21.9387
"01/11/2011",3,10,90.68,14.7,0,31.8,1018.5,47.0518,21.9387
"01/12/2011",1,6,96.2,18.4,0.43,75.8,1017.5,47.0518,21.9387
"01/13/2011",0.7,6,95.31,25.9,0.63,71.1,1016.9,47.0518,21.9387
"01/14/2011",3.8,8,96.46,25.9,0.48,91.5,1016,47.0518,21.9387
"01/15/2011",4.4,10,94.4,22.3,2.71,60.5,1017.6,47.0518,21.9387
"01/16/2011",-1,9,94.81,11.2,1.27,33,1028.2,47.0518,21.9387
"01/17/2011",0,10,91.34,14.7,0,3.8,1029,47.0518,21.9387
"01/18/2011",-3,1.6,99.91,14.8,0,51.3,1025.6,47.0518,21.9387
"01/19/2011",0,2.3,96.68,11.2,0,96,1023.5,47.0518,21.9387
"01/20/2011",0,1,97.38,11.2,2.53,92.7,1019.6,47.0518,21.9387
"01/21/2011",-1,2,83.53,29.8,0,55.7,1023.3,47.0518,21.9387
"01/22/2011",-1,0,91.3,22.3,0,92,1024.2,47.0518,21.9387
"01/23/2011",-3,1,78.42,22.3,0,58.4,1018.7,47.0518,21.9387
"01/24/2011",-10,0,94.72,14.8,0.5,46.8,1018.8,47.0518,21.9387
"01/25/2011",-11,-3,92.73,22.3,0,31.4,1018.4,47.0518,21.9387
"01/26/2011",-4,-1,81.95,22.3,0.19,69.6,1013.4,47.0518,21.9387
"01/27/2011",-4,0,93.23,14.8,0.5,83.1,1017.7,47.0518,21.9387
"01/28/2011",-10.9,1,88.05,14.8,0.19,0,1025.1,47.0518,21.9387
"01/29/2011",-10,-1,91.13,14.8,0,0.1,1027,47.0518,21.9387
"01/30/2011",-13,-7,95.43,14.8,0,47.6,1024.2,47.0518,21.9387
"01/31/2011",-10,-7,96.31,7.6,0,96.3,1027.1,47.0518,21.9387
"02/01/2011",-10,-8,96.24,7.6,0,96.2,1030.3,47.0518,21.9387
"02/02/2011",-10,-7,94.39,7.6,0,88.5,1029.8,47.0518,21.9387
"02/03/2011",-7,-6,94.45,11.2,0,100,1030.4,47.0518,21.9387
"02/04/2011",-6,-4,94.69,22.3,0,96.1,1031.2,47.0518,21.9387
"02/05/2011",-4,2,86.99,31.3,0,35,1025.4,47.0518,21.9387
"02/06/2011",0,6.8,82.7,31.3,0,42.6,1023.7,47.0518,21.9387
"02/07/2011",2,11,80.2,29.5,0,2.4,1024,47.0518,21.9387
"02/08/2011",-3.2,12,82.57,22.3,0,27.6,1019.9,47.0518,21.9387
"02/09/2011",-4,3,98.6,18.4,0,83.8,1023.1,47.0518,21.9387
"02/10/2011",-5,5,84.55,14.8,0,15.4,1025.5,47.0518,21.9387
"02/11/2011",-5,6,83.2,31.3,0,54.3,1017.3,47.0518,21.9387
"02/12/2011",-4,6,69.92,38.9,0.92,39.3,1012.4,47.0518,21.9387
"02/13/2011",-7,4,66.74,11.2,0,3.9,1020.9,47.0518,21.9387
"02/14/2011",-4,2,66.32,22.3,0,22.9,1016.5,47.0518,21.9387
"02/15/2011",-8,4,64.55,16.7,0,15.9,1014.2,47.0518,21.9387
"02/16/2011",-4,8,71.16,14.8,0,35.6,1012.4,47.0518,21.9387
"02/17/2011",0,4,84.28,14.8,3.97,77.1,1010.4,47.0518,21.9387
"02/18/2011",-0.6,12,81.98,18.4,0,18.2,1011.4,47.0518,21.9387
"02/19/2011",1,7,88.23,20.3,0.19,42.3,1011.1,47.0518,21.9387
"02/20/2011",-1,2,90.49,11.2,0.59,80.1,1015.8,47.0518,21.9387
"02/21/2011",-4,0,81.92,22.3,0,43.8,1017.3,47.0518,21.9387
"02/22/2011",-6.3,0,82.18,22.3,0,55,1015.7,47.0518,21.9387
"02/23/2011",-5,-1,87.66,18.4,0,55.6,1021.5,47.0518,21.9387
"02/24/2011",-5,-3,94.02,18.4,0.61,92.5,1026.8,47.0518,21.9387
"02/25/2011",-5.6,-2,90.47,20.3,0.84,86.7,1026.9,47.0518,21.9387
"02/26/2011",-8,-1,82.05,11.2,0,26,1026.6,47.0518,21.9387
"02/27/2011",-9.5,1,89.18,11.2,0,74.5,1021.3,47.0518,21.9387
"02/28/2011",-1.5,0,91.04,11.2,0,94.1,1025.7,47.0518,21.9387
"03/01/2011",-5,3,87.67,14.8,0,57.6,1031.5,47.0518,21.9387
"03/02/2011",-5,3,87.96,11.2,0,26.6,1033.4,47.0518,21.9387
"03/03/2011",-1,4,94.46,11.2,1.3,56.9,1033.5,47.0518,21.9387
"03/04/2011",-1,2,95.8,14.8,0.37,86.2,1033.3,47.0518,21.9387
"03/05/2011",-2,4,83.02,11.2,0,66.9,1024.9,47.0518,21.9387
"03/06/2011",-1,5,74.55,29.5,0,50.1,1018.4,47.0518,21.9387
"03/07/2011",-4,4,66.46,31.1,0,9.2,1030.5,47.0518,21.9387
"03/08/2011",-6,4,61.47,18.4,0,0,1034,47.0518,21.9387
"03/09/2011",-7,5,69.08,11.2,0,0.1,1027.4,47.0518,21.9387
"03/10/2011",-6,7,69.03,14.8,0,20.6,1023,47.0518,21.9387
"03/11/2011",1,13,60.49,29.5,0,34.6,1020.6,47.0518,21.9387
"03/12/2011",2.2,17,57.56,25.9,0,29.8,1021.8,47.0518,21.9387
"03/13/2011",2,19,50.39,31.3,0,4.1,1018.6,47.0518,21.9387
"03/14/2011",5,17,56.49,25.9,0.19,17.6,1020.5,47.0518,21.9387
"03/15/2011",9,19,64.8,11.2,0.3,21.3,1020.4,47.0518,21.9387
"03/16/2011",6,21,67.39,11.2,0,14.7,1017.3,47.0518,21.9387
"03/17/2011",11,18,78.22,31.3,6.19,47,1008.9,47.0518,21.9387
"03/18/2011",7,15,76.56,25.9,0.18,40.9,1012.5,47.0518,21.9387
"03/19/2011",4,7,92.22,18.4,10.2,91.7,1018.4,47.0518,21.9387
"03/20/2011",2,5,92.14,18.4,4.8,95.5,1026.1,47.0518,21.9387
"03/21/2011",1,10,79.08,15.4,0.11,42,1031.9,47.0518,21.9387
"03/22/2011",-2,12.1,75.6,14.8,0,22.1,1034,47.0518,21.9387
"03/23/2011",2.9,15,68.11,18.4,0,36.5,1030.6,47.0518,21.9387
"03/24/2011",0,16,68.37,22.3,0,0.5,1028.4,47.0518,21.9387
"03/25/2011",2,18,65.59,31.3,0,3.9,1019.3,47.0518,21.9387
"03/26/2011",8,19,61.61,29.5,4.76,26.1,1010.4,47.0518,21.9387
"03/27/2011",3,11,63.6,18.4,0,30.5,1017.3,47.0518,21.9387
"03/28/2011",4,10,87.81,29.5,3.21,62.9,1014,47.0518,21.9387
"03/29/2011",1,15,76.27,22.3,0,30.1,1016.2,47.0518,21.9387
"03/30/2011",2,18,62.86,14.8,0,0.3,1018.5,47.0518,21.9387
"03/31/2011",2.1,19,63.78,14.8,0,3.4,1021.2,47.0518,21.9387
"04/01/2011",3,16,72.01,14.8,0,5.1,1022.8,47.0518,21.9387
"04/02/2011",5,18.1,65.77,18.4,0,11.3,1020.6,47.0518,21.9387
"04/03/2011",4,21,58.24,18.4,0,0.2,1016.7,47.0518,21.9387
"04/04/2011",3,21,56.85,14.8,0,2,1014.1,47.0518,21.9387
"04/05/2011",8,11,82.39,26,1.72,79.3,1018.9,47.0518,21.9387
"04/06/2011",4.8,17,67.49,18.4,0,23.1,1024,47.0518,21.9387
"04/07/2011",9,21.8,67.41,25.9,0,26.8,1017.9,47.0518,21.9387
"04/08/2011",11,18,51.09,31.3,0,32,1009.4,47.0518,21.9387
"04/09/2011",8,15,51.51,38.9,0,42,1007.8,47.0518,21.9387
"04/10/2011",2,12,50.71,25.9,0,28.1,1015.3,47.0518,21.9387
"04/11/2011",2,13,50.93,25.9,0,6.3,1018.1,47.0518,21.9387
"04/12/2011",6,18.3,75.15,25.9,1,55.3,1010.6,47.0518,21.9387
"04/13/2011",5,11,75.43,25.9,8.1,71.2,1010,47.0518,21.9387
"04/14/2011",0,10.4,82.83,22.3,0.37,51.1,1009.7,47.0518,21.9387
"04/15/2011",4,12,77.54,22.3,0.18,58.4,1013.3,47.0518,21.9387
"04/16/2011",6,13,57.84,18.4,0,23.3,1019.8,47.0518,21.9387
"04/17/2011",2,17,62.81,18.3,0,5.3,1023.3,47.0518,21.9387
"04/18/2011",4,19,54.75,14.8,0,3.6,1021.9,47.0518,21.9387
"04/19/2011",5,19,60.95,22.3,0,5.9,1016.8,47.0518,21.9387
"04/20/2011",7.1,21,51.23,14.8,0,0.9,1017.6,47.0518,21.9387
"04/21/2011",5,22.1,56.01,25.9,0,1.6,1019.1,47.0518,21.9387
"04/22/2011",7,23,58.3,14.8,0,0.9,1015.9,47.0518,21.9387
"04/23/2011",6,23,59.92,11.2,0,8.6,1016.4,47.0518,21.9387
"04/24/2011",7,21.2,58.27,14.8,0,30.7,1017,47.0518,21.9387
"04/25/2011",11,22,59.09,14.8,0,38.9,1017.8,47.0518,21.9387
"04/26/2011",8,23,49.13,15.4,0,31,1015.9,47.0518,21.9387
"04/27/2011",8,23,50.43,14.8,0,1.5,1014.5,47.0518,21.9387
"04/28/2011",8,21,54.73,22.3,0,23,1012.7,47.0518,21.9387
"04/29/2011",8,23,55.09,25.9,0,22.5,1011.4,47.0518,21.9387
"04/30/2011",7,23,65.56,22.3,3.26,25.5,1009.2,47.0518,21.9387
"05/01/2011",7,18,83.01,14.8,2.13,26.8,1005.6,47.0518,21.9387
"05/02/2011",8,17,79.41,22.3,4.13,60.8,1007.4,47.0518,21.9387
"05/03/2011",6,20,72.11,21.2,0,7,1006.2,47.0518,21.9387
"05/04/2011",6,14,71.36,25.9,0,41.5,1012,47.0518,21.9387
"05/05/2011",1,14,55.75,22.3,0,11.3,1021.2,47.0518,21.9387
"05/06/2011",0,16,53.12,22.3,0,1.1,1028,47.0518,21.9387
"05/07/2011",2,15,65.93,31.3,0,12.4,1022.8,47.0518,21.9387
"05/08/2011",5,16,63.9,29.5,2.63,31,1020.9,47.0518,21.9387
"05/09/2011",6,20,58.83,23.9,0,24.7,1025.5,47.0518,21.9387
"05/10/2011",8,25,59.2,26.5,0,11.8,1024.1,47.0518,21.9387
"05/11/2011",8,23,48.86,22.2,0,8.6,1019.4,47.0518,21.9387
"05/12/2011",9,24,51.31,14.8,0,3.1,1016,47.0518,21.9387
"05/13/2011",8,23,69.8,29.5,4.23,7.6,1016.4,47.0518,21.9387
"05/14/2011",9,22,65.74,14.8,0,3.5,1018.1,47.0518,21.9387
"05/15/2011",11,25,64.36,22.3,0,22,1011.6,47.0518,21.9387
"05/16/2011",10,16,92.14,25.9,21.64,93.5,1015.8,47.0518,21.9387
"05/17/2011",10,21,79.99,11.2,0,67,1020,47.0518,21.9387
"05/18/2011",11,25,79.55,14.8,0,4.6,1021.1,47.0518,21.9387
"05/19/2011",12,26,80.1,14.8,0,4.6,1019.7,47.0518,21.9387
"05/20/2011",12,28,69.01,22.3,0,12.8,1019.3,47.0518,21.9387
"05/21/2011",13,28,59.43,14.8,0,10.7,1019,47.0518,21.9387
"05/22/2011",13,27,68.18,22.3,0,5.3,1018.4,47.0518,21.9387
"05/23/2011",14,28,75.27,14.8,5.19,12.5,1020.4,47.0518,21.9387
"05/24/2011",13,28,70.11,11.2,0,3.6,1020.8,47.0518,21.9387
"05/25/2011",15,25,67.06,25.9,0.19,12,1020.5,47.0518,21.9387
"05/26/2011",12,26,50.43,18.4,0,0,1020.8,47.0518,21.9387
"05/27/2011",13,28,66.53,14.8,0,12.2,1015.9,47.0518,21.9387
"05/28/2011",15,28,60.77,18.4,0,7,1011.8,47.0518,21.9387
"05/29/2011",12,21,77.05,22.3,3,70.8,1015.9,47.0518,21.9387
"05/30/2011",12,29,69.55,11.2,0,0.2,1020.1,47.0518,21.9387
"05/31/2011",15,29,63.68,22.3,0,18.1,1016.7,47.0518,21.9387
"06/01/2011",14,27,65.65,14.8,0,26,1015.1,47.0518,21.9387
"06/02/2011",15,28,66.94,16.7,0.19,25,1017.5,47.0518,21.9387
"06/03/2011",16,29,67.97,18.4,1.5,13,1021,47.0518,21.9387
"06/04/2011",14,30,64.4,11.2,0,6.1,1018.5,47.0518,21.9387
"06/05/2011",16,31,63.4,14.8,0,4.7,1014.2,47.0518,21.9387
"06/06/2011",16,30,61.17,14.8,2.23,13.5,1012.2,47.0518,21.9387
"06/07/2011",19,30,60.64,14.8,0,26,1010.9,47.0518,21.9387
"06/08/2011",19,30,65.5,22.3,3.23,39.8,1007.5,47.0518,21.9387
"06/09/2011",16,26,78.39,25.9,9.39,46.6,1007.3,47.0518,21.9387
"06/10/2011",15,19.1,78.12,22.3,0,89.3,1009.1,47.0518,21.9387
"06/11/2011",12,20,72.34,25.9,0.32,55.1,1011.8,47.0518,21.9387
"06/12/2011",12,24,63.7,22.3,0,35.6,1013.4,47.0518,21.9387
"06/13/2011",12,25,57.31,22.9,0,6,1014.2,47.0518,21.9387
"06/14/2011",12,26,56.06,18.4,0,11.2,1015,47.0518,21.9387
"06/15/2011",11,27,57.37,22.3,0,2.2,1017.1,47.0518,21.9387
"06/16/2011",12,29,55.61,11.2,0,4.5,1016.7,47.0518,21.9387
"06/17/2011",14,31,59.74,14.8,0,9.5,1015.2,47.0518,21.9387
"06/18/2011",17,31,56,29.5,0,0.3,1011.5,47.0518,21.9387
"06/19/2011",13,22,80.31,25.9,6.49,25.5,1009.8,47.0518,21.9387
"06/20/2011",11,22,69.37,25.9,0,13.2,1016,47.0518,21.9387
"06/21/2011",10,27,63.45,25.9,0,8.2,1019,47.0518,21.9387
"06/22/2011",16,32,47.75,25.9,0.63,12.1,1018.5,47.0518,21.9387
"06/23/2011",18,33,50.77,29.5,0,0.1,1014.9,47.0518,21.9387
"06/24/2011",18,27,72.96,22.3,0.87,38.1,1014.3,47.0518,21.9387
"06/25/2011",14,21,68.25,42.5,1.9,45.8,1017.6,47.0518,21.9387
"06/26/2011",8,21,59.25,29.5,0,9.2,1020.8,47.0518,21.9387
"06/27/2011",9.1,24,55.74,29.5,0,10.6,1018.9,47.0518,21.9387
"06/28/2011",12,19,69.98,29.5,0.8,53.5,1012.8,47.0518,21.9387
"06/29/2011",14,27,70.15,22.3,0,42.2,1008.7,47.0518,21.9387
"06/30/2011",15,25,69.77,18,0,49.5,1007.3,47.0518,21.9387
"07/01/2011",14,23,84.29,18.4,7.73,49.4,1009.5,47.0518,21.9387
"07/02/2011",10,18,81.53,25.9,1.54,63.5,1011.9,47.0518,21.9387
"07/03/2011",9.5,21,67.45,29.5,0.51,38.6,1010,47.0518,21.9387
"07/04/2011",13,21,81.98,18.4,2.97,81,1009.7,47.0518,21.9387
"07/05/2011",15,23,73.59,18.4,0,36.1,1009.9,47.0518,21.9387
"07/06/2011",11,24,71.57,25.9,0,32.4,1009.3,47.0518,21.9387
"07/07/2011",15,29,60.9,18.4,0,17.8,1011.7,47.0518,21.9387
"07/08/2011",16,34,58.62,25.9,0,1,1013.6,47.0518,21.9387
"07/09/2011",19,35,54.05,14.8,0,0,1017.4,47.0518,21.9387
"07/10/2011",20,37,54.14,25.9,0,10,1016.1,47.0518,21.9387
"07/11/2011",21,36,52.39,25.9,13.94,16.3,1013.8,47.0518,21.9387
"07/12/2011",17,29,70.65,18.4,15.79,9.7,1016,47.0518,21.9387
"07/13/2011",17,33,61.34,14.8,0,4.5,1014.3,47.0518,21.9387
"07/14/2011",17,34,56.86,14.8,0,0.1,1012.9,47.0518,21.9387
"07/15/2011",20,36,54.12,18.4,0,1.9,1012.5,47.0518,21.9387
"07/16/2011",17.6,28,66.31,35.3,4.73,20.9,1013.3,47.0518,21.9387
"07/17/2011",17,32,61.2,14.8,0,0.1,1008.8,47.0518,21.9387
"07/18/2011",17,33,60.72,22.3,0,1.1,1006.6,47.0518,21.9387
"07/19/2011",20.8,35,56.28,18.4,0,10.1,1006.3,47.0518,21.9387
"07/20/2011",17,33,61.71,31.3,2.77,24.5,1000.9,47.0518,21.9387
"07/21/2011",15,21,86.12,29.5,1.37,78.9,1001.8,47.0518,21.9387
"07/22/2011",13,23,75.82,31.3,0.37,63.7,1005.7,47.0518,21.9387
"07/23/2011",13,26,72.12,18.4,6.22,22.8,1009.5,47.0518,21.9387
"07/24/2011",16,24,81.16,14.8,22.29,44.7,1005.9,47.0518,21.9387
"07/25/2011",16,24,82.14,14.8,2.12,34.7,1006,47.0518,21.9387
"07/26/2011",16,19.1,92.08,14.8,17.34,78.4,1011.9,47.0518,21.9387
"07/27/2011",14,24,79.64,22.3,4.37,45,1017.1,47.0518,21.9387
"07/28/2011",14,27,70.2,18.4,0,7.7,1016.2,47.0518,21.9387
"07/29/2011",16.4,23,81.36,14.8,1.29,46.5,1011,47.0518,21.9387
"07/30/2011",16,19,94.23,29.5,45.83,85.7,1007,47.0518,21.9387
"07/31/2011",13,18,85.54,25.9,0,79.6,1010.1,47.0518,21.9387
"08/01/2011",14.6,22.1,82.3,14.8,0,88.6,1012.2,47.0518,21.9387
"08/02/2011",17,26,77.59,18.4,0.11,46.9,1015.5,47.0518,21.9387
"08/03/2011",15,27,68.11,18.4,0,18.4,1017.8,47.0518,21.9387
"08/04/2011",15,26,66.12,18.4,0.19,10.3,1015.8,47.0518,21.9387
"08/05/2011",13,27,68.43,14.8,0,9.5,1015.5,47.0518,21.9387
"08/06/2011",14,28,72.14,14.8,0,13.2,1014.5,47.0518,21.9387
"08/07/2011",17,30,69.39,25.9,0,10.7,1010.6,47.0518,21.9387
"08/08/2011",20,33,57.23,31.3,2.6,5,1008.9,47.0518,21.9387
"08/09/2011",15,23,85.97,18.4,11.25,66,1013.7,47.0518,21.9387
"08/10/2011",12,24,73.32,25.9,0,21.3,1016.4,47.0518,21.9387
"08/11/2011",11,23,62.93,18.4,0,9.1,1019.1,47.0518,21.9387
"08/12/2011",11,26,65,14.8,0,5.2,1015.3,47.0518,21.9387
"08/13/2011",14,27,68.84,14.8,0,12.9,1011.4,47.0518,21.9387
"08/14/2011",15,28,67.91,14.8,0,20.5,1011.3,47.0518,21.9387
"08/15/2011",15,30,65.36,14.8,0,0.1,1012.4,47.0518,21.9387
"08/16/2011",17,28,73.17,18.4,0,9.7,1014.4,47.0518,21.9387
"08/17/2011",15,28,62.76,18.4,0,5.9,1017.4,47.0518,21.9387
"08/18/2011",15,31,58.96,14.8,0,0,1018.6,47.0518,21.9387
"08/19/2011",14,31,59.91,18.4,0,0.1,1017.7,47.0518,21.9387
"08/20/2011",18,28,61.11,18.4,0,5.3,1018.3,47.0518,21.9387
"08/21/2011",14,29,54.04,18.4,0,0,1021.2,47.0518,21.9387
"08/22/2011",13,30,58.93,14.8,0,0,1019.6,47.0518,21.9387
"08/23/2011",17,33,59.87,14.8,0,1.1,1018.9,47.0518,21.9387
"08/24/2011",20,35,58.52,14.8,0,0,1016.4,47.0518,21.9387
"08/25/2011",19,36,55.91,14.8,0,4.2,1014.4,47.0518,21.9387
"08/26/2011",21,35,62.73,14.8,0,4.4,1015.4,47.0518,21.9387
"08/27/2011",19,33,59.54,14.8,0,0,1014.8,47.0518,21.9387
"08/28/2011",17,30,54.61,14.8,0,6,1017.1,47.0518,21.9387
"08/29/2011",15,30,58.53,14.8,0,8.4,1014.9,47.0518,21.9387
"08/30/2011",16,30,61.46,14.8,0,9.3,1011,47.0518,21.9387
"08/31/2011",16,28,62.71,18.4,0,8.5,1012,47.0518,21.9387
"09/01/2011",13,29,59.9,22.3,0,6.5,1014.1,47.0518,21.9387
"09/02/2011",17,26,79.18,29.5,5.47,40.4,1014,47.0518,21.9387
"09/03/2011",14,28,69.52,14.8,0,3.2,1015.9,47.0518,21.9387
"09/04/2011",14,31,58.9,14.8,0,0.1,1016.7,47.0518,21.9387
"09/05/2011",16,33,54.12,18.4,0,0.3,1014.5,47.0518,21.9387
"09/06/2011",16,22,81.07,38.9,6.12,50.1,1018.9,47.0518,21.9387
"09/07/2011",11,25,76.25,14.8,0,6.5,1015.9,47.0518,21.9387
"09/08/2011",15,19,73.87,22.3,4.55,33.6,1011.2,47.0518,21.9387
"09/09/2011",14,23,59.07,25.9,0,33.2,1012,47.0518,21.9387
"09/10/2011",10,25,70.05,18.4,0,2.4,1018,47.0518,21.9387
"09/11/2011",15,32,59.01,14.8,0,1.1,1016.6,47.0518,21.9387
"09/12/2011",16.7,32,56.58,25.9,0,0.5,1012.4,47.0518,21.9387
"09/13/2011",15,29,58.33,18.4,0,0.1,1014.6,47.0518,21.9387
"09/14/2011",14,31,55.84,14.8,0,0.8,1014.1,47.0518,21.9387
"09/15/2011",16,25,70.73,22.3,0,10,1016.6,47.0518,21.9387
"09/16/2011",10,24,65.77,11.2,0.11,7.4,1018.9,47.0518,21.9387
"09/17/2011",10,26,62.6,14.8,0,3,1018,47.0518,21.9387
"09/18/2011",11,32,52.81,18.4,0,2.2,1011.5,47.0518,21.9387
"09/19/2011",21,30,43.26,25.9,0,19.1,1008.5,47.0518,21.9387
"09/20/2011",17,27,57.17,22.3,0.37,18.6,1014.5,47.0518,21.9387
"09/21/2011",14,27,61.9,22.3,0,5.7,1016.5,47.0518,21.9387
"09/22/2011",10,25.7,72.69,18.3,0,9.1,1016.8,47.0518,21.9387
"09/23/2011",12,25,69.65,14.8,0,4.3,1015.9,47.0518,21.9387
"09/24/2011",11,23,60.21,18.4,0,5.9,1017.8,47.0518,21.9387
"09/25/2011",7,25,59.14,14.8,0,2.2,1022.6,47.0518,21.9387
"09/26/2011",10,26,64.03,14.8,0,3.7,1025.2,47.0518,21.9387
"09/27/2011",10,26,62.25,11.2,0,0.3,1027.1,47.0518,21.9387
"09/28/2011",11,25,60.44,22.3,0,0.1,1027,47.0518,21.9387
"09/29/2011",4,23,57.93,25.9,0,0.4,1026.3,47.0518,21.9387
"09/30/2011",8,24,67.28,18.4,0,0.2,1025.8,47.0518,21.9387
"10/01/2011",9,26,66.82,22.3,0,0,1024.9,47.0518,21.9387
"10/02/2011",8,23,65.34,25.9,0,2.1,1022.6,47.0518,21.9387
"10/03/2011",4,23,59.8,14.8,0,0.1,1023.5,47.0518,21.9387
"10/04/2011",7,25,56.28,14.8,0,5.2,1021.5,47.0518,21.9387
"10/05/2011",9,26,62.75,18.4,0,5.9,1019.9,47.0518,21.9387
"10/06/2011",11,24,66.9,22.3,0,3.6,1018.1,47.0518,21.9387
"10/07/2011",11,24,59.92,31.3,0,4.1,1007.4,47.0518,21.9387
"10/08/2011",7.3,13,81.09,25.9,1.5,84.2,1008.7,47.0518,21.9387
"10/09/2011",5,15,77.6,22.3,0,47.1,1011.9,47.0518,21.9387
"10/10/2011",4,14,70.56,22.3,0,19.7,1017.9,47.0518,21.9387
"10/11/2011",3,12,82.97,22.3,0,80.8,1017.9,47.0518,21.9387
"10/12/2011",11,20,73.11,25.9,0,54.4,1014.1,47.0518,21.9387
"10/13/2011",7,15,60.72,14.8,0.82,36.3,1020.3,47.0518,21.9387
"10/14/2011",0,13,71.43,22.3,0,8.7,1028,47.0518,21.9387
"10/15/2011",-3,10,79.85,25.9,0,21.9,1030.8,47.0518,21.9387
"10/16/2011",0,11,62.94,22.3,0,0,1031.8,47.0518,21.9387
"10/17/2011",-4,11,58.4,22.3,0,0,1029.1,47.0518,21.9387
"10/18/2011",-5,12,61.21,14.8,0,0,1023.9,47.0518,21.9387
"10/19/2011",-1,18,52.66,25.9,0,6,1020.7,47.0518,21.9387
"10/20/2011",8,15,59.77,22.3,0.63,27.5,1019.5,47.0518,21.9387
"10/21/2011",7,8,90.84,22.3,5.92,94,1024.6,47.0518,21.9387
"10/22/2011",4,9,90.98,9.5,0.11,60.5,1027.4,47.0518,21.9387
"10/23/2011",7.7,13,93.56,11.2,1.19,73.8,1025.5,47.0518,21.9387
"10/24/2011",10,16,80.23,11.2,0.73,23.7,1023.1,47.0518,21.9387
"10/25/2011",7,17,80.18,12.5,1.24,41.4,1022.4,47.0518,21.9387
"10/26/2011",7,17,72.39,11.2,0,18.6,1023.5,47.0518,21.9387
"10/27/2011",2,17,75.1,11.2,0,5.2,1026.2,47.0518,21.9387
"10/28/2011",0,15,74.31,11.2,0,0.1,1029.2,47.0518,21.9387
"10/29/2011",-1,15,76.84,11.2,0,1.7,1030,47.0518,21.9387
"10/30/2011",1,14,76.82,11.2,0,28.2,1027.2,47.0518,21.9387
"10/31/2011",2,14,77.05,11.2,0,22.9,1024.5,47.0518,21.9387
"11/01/2011",1,15,75.51,14.8,0,11.6,1023.2,47.0518,21.9387
"11/02/2011",0.6,15,77.01,11.2,0,0,1023.6,47.0518,21.9387
"11/03/2011",-0.3,16,75.29,14.8,0,0,1021.3,47.0518,21.9387
"11/04/2011",1,17,73.82,14.8,0,6.8,1019.6,47.0518,21.9387
"11/05/2011",6,20,53.25,11.2,0,26,1019.8,47.0518,21.9387
"11/06/2011",3,19,57.1,14.8,0,0,1022.7,47.0518,21.9387
"11/07/2011",1,16,61.94,14.8,0,3.9,1027.1,47.0518,21.9387
"11/08/2011",3,16,65.75,11.2,0,12.1,1028.6,47.0518,21.9387
"11/09/2011",1,15,75.18,11.2,0,0.2,1024.2,47.0518,21.9387
"11/10/2011",2,10.1,73.51,22.3,0,18.1,1022.5,47.0518,21.9387
"11/11/2011",-1.1,8,65.08,19.6,0,53.6,1031.1,47.0518,21.9387
"11/12/2011",-4,7,71.61,11.2,0,8.5,1037.3,47.0518,21.9387
"11/13/2011",-6,7,77.89,14.8,0,0,1037.3,47.0518,21.9387
"11/14/2011",-6,7,78.44,11.2,0,6.3,1031.9,47.0518,21.9387
"11/15/2011",-3,8,74.95,18.4,0,19.4,1025,47.0518,21.9387
"11/16/2011",-5.9,6.5,84.06,14.8,0,18,1025.9,47.0518,21.9387
"11/17/2011",-6,6,85.45,14.8,0,1.7,1028.6,47.0518,21.9387
"11/18/2011",-6,7,86.27,14.8,0,20.4,1027.7,47.0518,21.9387
"11/19/2011",-1,2,90.1,14.8,0,96.1,1027.6,47.0518,21.9387
"11/20/2011",-1,0,90.54,11.2,0,97,1029,47.0518,21.9387
"11/21/2011",-1.5,0,86.6,7.6,0,97.5,1028.6,47.0518,21.9387
"11/22/2011",-5,0,85.07,11.2,0,86.7,1027.3,47.0518,21.9387
"11/23/2011",-8,0.6,93.61,7.6,0,36.8,1031.2,47.0518,21.9387
"11/24/2011",-9,1,93.42,11.2,0,31.1,1037.1,47.0518,21.9387
"11/25/2011",-6.9,-1.9,97.18,7.6,0,93.7,1036.6,47.0518,21.9387
"11/26/2011",-3,-1,97.54,14.8,0,92.5,1032.2,47.0518,21.9387
"11/27/2011",-2,1,96.23,22.3,0,95.3,1029,47.0518,21.9387
"11/28/2011",-5,1,98.55,8.2,0,90.7,1028.6,47.0518,21.9387
"11/29/2011",-7,6,90.99,14.8,0,35.3,1032,47.0518,21.9387
"11/30/2011",-6,5,81.75,14.8,0,20.3,1030.2,47.0518,21.9387
"12/01/2011",-4,-2,97.91,11.2,0,96,1031.4,47.0518,21.9387
"12/02/2011",-5,2,94.49,11.2,0,68.5,1025,47.0518,21.9387
"12/03/2011",1,12,84.59,31.3,0.63,72.4,1019.5,47.0518,21.9387
"12/04/2011",8,12,78.91,31.1,6.55,59.7,1012.3,47.0518,21.9387
"12/05/2011",7,13,77.97,38.9,3.87,47.8,1004.5,47.0518,21.9387
"12/06/2011",0,6,83.75,18.4,0,37.4,1012.8,47.0518,21.9387
"12/07/2011",-2,6,83.73,29.5,0,13.5,1014.5,47.0518,21.9387
"12/08/2011",0,6,84.43,31.3,0.8,37.9,1014.7,47.0518,21.9387
"12/09/2011",-3,8,74.37,29.5,0,20.4,1022.1,47.0518,21.9387
"12/10/2011",7,11,69.45,29.5,0,72.3,1016.3,47.0518,21.9387
"12/11/2011",0,8,87.76,14.8,0.82,43.5,1021.5,47.0518,21.9387
"12/12/2011",2,14,74.26,25.9,0,23.2,1018.6,47.0518,21.9387
"12/13/2011",6.8,12,84.6,22.3,1.46,88,1015.7,47.0518,21.9387
"12/14/2011",6,11,87.73,22.3,0.19,59.1,1018.5,47.0518,21.9387
"12/15/2011",7.7,11,87.16,25.9,12.19,81.2,1014,47.0518,21.9387
"12/16/2011",5,9,86.92,35.3,1.63,66.5,1004.9,47.0518,21.9387
"12/17/2011",2,10,89.59,32.4,20.12,87.9,991.3,47.0518,21.9387
"12/18/2011",-1,4,89.67,22.3,1.9,56.2,1010.2,47.0518,21.9387
"12/19/2011",-3,5,80.22,14.8,0,10.9,1017.1,47.0518,21.9387
"12/20/2011",0,1,95.24,11.2,0.73,92.9,1012.4,47.0518,21.9387
"12/21/2011",-1,2,87.86,22.3,0,66.2,1014.9,47.0518,21.9387
"12/22/2011",-0.5,2,82.29,18.4,0,52.3,1021,47.0518,21.9387
"12/23/2011",-2,3,89.7,22.3,0,58.6,1025.5,47.0518,21.9387
"12/24/2011",-2,0,90.21,18.4,0.19,94,1022.5,47.0518,21.9387
"12/25/2011",-1,1.1,96.08,14.8,0.11,93.2,1029.3,47.0518,21.9387
"12/26/2011",-5,4,97.58,14.8,0.11,69.2,1038.4,47.0518,21.9387
"12/27/2011",-3,2,98.13,11.2,0,93.9,1039.8,47.0518,21.9387
"12/28/2011",2,3,97.14,11.2,0.48,93.5,1034.5,47.0518,21.9387
"12/29/2011",1,4,94.78,11.2,0.19,92.5,1024.3,47.0518,21.9387
"12/30/2011",-1,2,97.09,22.3,0.19,82.7,1014.2,47.0518,21.9387
"12/31/2011",-1,1,95.9,18.4,0,96.5,1016,47.0518,21.9387
"01/01/2012",-1.7,5,83.26,22.3,0,56.1,1022.7,47.0518,21.9387
"01/02/2012",3,12,63.77,19,0,51.4,1021.3,47.0518,21.9387
"01/03/2012",2,9,80.14,22.3,0,88.6,1022.7,47.0518,21.9387
"01/04/2012",5,9,83.27,25.9,0,83,1018.1,47.0518,21.9387
"01/05/2012",0,5,80.4,29.5,0,31.2,1006.5,47.0518,21.9387
"01/06/2012",0,6,87.5,25.9,1.63,37.7,996.5,47.0518,21.9387
"01/07/2012",-4,4,75.77,25.9,0,31.6,1013.7,47.0518,21.9387
"01/08/2012",-5,1,90.28,18.4,0.5,94.5,1012.9,47.0518,21.9387
"01/09/2012",-1,1.5,98.91,11.2,0,86.6,1019.4,47.0518,21.9387
"01/10/2012",-1,1,97.57,18.4,0.18,87.2,1025,47.0518,21.9387
"01/11/2012",1,4,96.89,22.3,0,82.9,1030,47.0518,21.9387
"01/12/2012",1,6,90.31,29.5,0,72.6,1026.6,47.0518,21.9387
"01/13/2012",1,6,82.37,38.9,0,39.2,1013.9,47.0518,21.9387
"01/14/2012",-2,4,84.09,22.3,0,37.3,1012.5,47.0518,21.9387
"01/15/2012",-5,1,83.22,14.8,0,31.7,1015.7,47.0518,21.9387
"01/16/2012",-10,-1,80.9,14.8,0,36.2,1022.2,47.0518,21.9387
"01/17/2012",-6,-1.1,87.05,29.5,0,68.5,1023.7,47.0518,21.9387
"01/18/2012",-10,-2,87.85,22.3,0.11,74.9,1030.6,47.0518,21.9387
"01/19/2012",-2,2,87.37,38.9,1.37,67.4,1022.7,47.0518,21.9387
"01/20/2012",1,5,94.83,31.3,4.32,87.8,1010.6,47.0518,21.9387
"01/21/2012",-3,4,87.54,22.3,0,22.1,1012.7,47.0518,21.9387
"01/22/2012",-0.1,4,88.55,35.2,1.51,52.1,1007,47.0518,21.9387
"01/23/2012",1,9,85.6,31.3,2.01,59.8,1010.9,47.0518,21.9387
"01/24/2012",1,5,88.06,18.4,0,60.2,1014.7,47.0518,21.9387
"01/25/2012",0,3,76.44,29.5,0,33.1,1015.4,47.0518,21.9387
"01/26/2012",-1,5,70.72,25.9,0,34.6,1018.8,47.0518,21.9387
"01/27/2012",-4,1,87.81,11.2,0,37.4,1027.6,47.0518,21.9387
"01/28/2012",-3,1,78.44,11.2,0,22.9,1032.2,47.0518,21.9387
"01/29/2012",-5,1,76.51,18.4,0,46,1032.5,47.0518,21.9387
"01/30/2012",-9,0,68.1,11.2,0,2.1,1032.9,47.0518,21.9387
"01/31/2012",-11,-1,80.1,11.2,0,0,1031.7,47.0518,21.9387
"02/01/2012",-12,-2,62.32,14.8,0,0,1028.4,47.0518,21.9387
"02/02/2012",-15,-6,64.3,22.3,0,0.4,1028.8,47.0518,21.9387
"02/03/2012",-14,-10,78.59,23.9,0,69.8,1029.8,47.0518,21.9387
"02/04/2012",-13.1,-10,86.27,25.9,0.79,90.6,1027,47.0518,21.9387
"02/05/2012",-13,-11,80.79,14.8,0.92,91.8,1030.9,47.0518,21.9387
"02/06/2012",-13,-9,78.5,25.9,0.37,89,1028,47.0518,21.9387
"02/07/2012",-16,-6,77.85,22.3,0,15.5,1023.1,47.0518,21.9387
"02/08/2012",-19,-9,85.18,14.8,0,10.5,1034.8,47.0518,21.9387
"02/09/2012",-18,-9,82.62,18.4,0,33.5,1031.3,47.0518,21.9387
"02/10/2012",-20,-9,84.4,11.2,0,19.1,1033.7,47.0518,21.9387
"02/11/2012",-22,-5,81.59,14.8,0,10.4,1030.2,47.0518,21.9387
"02/12/2012",-18,-4,80.29,14.8,0,24,1027.5,47.0518,21.9387
"02/13/2012",-9,-6,90,14.8,1.42,87.5,1020.4,47.0518,21.9387
"02/14/2012",-11.6,-6,88.03,22.3,0.8,52.8,1016,47.0518,21.9387
"02/15/2012",-10,-2,86.35,50,0,82.1,1004.7,47.0518,21.9387
"02/16/2012",-6,0,78.93,31.3,0,73.9,1006.7,47.0518,21.9387
"02/17/2012",-15,-3,86.69,25.9,0.18,47.3,1018.8,47.0518,21.9387
"02/18/2012",-5,1,89.54,18.4,0,70.3,1019.4,47.0518,21.9387
"02/19/2012",-5,6,70.63,25.9,0,35.8,1021.2,47.0518,21.9387
"02/20/2012",1,3,90.16,14.8,0.61,80.5,1016.1,47.0518,21.9387
"02/21/2012",-4,5,68.37,14.8,0,15.2,1019.1,47.0518,21.9387
"02/22/2012",-7,4,80.88,14.8,0,0,1032.6,47.0518,21.9387
"02/23/2012",-7.9,0,91.29,29.5,0,16,1025.5,47.0518,21.9387
"02/24/2012",0,4,89.65,31.3,0,91,1018.9,47.0518,21.9387
"02/25/2012",2,11,81.85,25.9,0,32.7,1013.6,47.0518,21.9387
"02/26/2012",-2,7,80.34,14.8,0.29,44.8,1012.2,47.0518,21.9387
"02/27/2012",-2,3,59.07,29.5,0,34.7,1019.7,47.0518,21.9387
"02/28/2012",-5,3,70.82,22.3,0,37,1020.5,47.0518,21.9387
"02/29/2012",-2,9,78.5,38.9,0.67,53.3,1012.9,47.0518,21.9387
"03/01/2012",-1,9,68.87,18.4,0,11.3,1023.3,47.0518,21.9387
"03/02/2012",3.7,9.4,86.57,25.9,0.18,89.2,1020.5,47.0518,21.9387
"03/03/2012",2,11,47.6,35.3,0,26.8,1022.8,47.0518,21.9387
"03/04/2012",-4,6,62.61,22.3,0,3.8,1024,47.0518,21.9387
"03/05/2012",-5,4,62.97,22.3,0,3.2,1022,47.0518,21.9387
"03/06/2012",-6.9,2.1,61.37,25.9,0,9.8,1025.5,47.0518,21.9387
"03/07/2012",-8,3,57.85,18.4,0,1.1,1030.5,47.0518,21.9387
"03/08/2012",-9,6,57.23,14.8,0,4.4,1025.4,47.0518,21.9387
"03/09/2012",-5,7,54.19,14.8,0,4.5,1033.5,47.0518,21.9387
"03/10/2012",-2,10,64.55,14.8,0,27.6,1034.3,47.0518,21.9387
"03/11/2012",-3,6.8,82.98,25.9,1.05,35.2,1021.3,47.0518,21.9387
"03/12/2012",-1,8.5,68.44,25.9,0,23.3,1018.7,47.0518,21.9387
"03/13/2012",-1,9.2,84.05,14.8,0.95,84.7,1024.5,47.0518,21.9387
"03/14/2012",3,12,74.44,22.3,0,46.7,1023.2,47.0518,21.9387
"03/15/2012",0,10,48.87,29.5,0,19.3,1027,47.0518,21.9387
"03/16/2012",-3,15,58.13,22.3,0,1.6,1028.5,47.0518,21.9387
"03/17/2012",1,20,50.81,22.3,0,0,1024.5,47.0518,21.9387
"03/18/2012",9,22,38.21,42.5,0,0.1,1019.9,47.0518,21.9387
"03/19/2012",6,21,53.74,31.3,0,6.5,1021.7,47.0518,21.9387
"03/20/2012",4,16,44.3,22.3,0,0,1032.4,47.0518,21.9387
"03/21/2012",0,18,50.75,14.8,0,0,1033.1,47.0518,21.9387
"03/22/2012",2,20,57.6,14.8,0,0.1,1031,47.0518,21.9387
"03/23/2012",3,21,56.62,14.8,0,1,1026.4,47.0518,21.9387
"03/24/2012",4,21,56.28,14.8,0,5.3,1022.9,47.0518,21.9387
"03/25/2012",5,21,52.04,18.4,0,0,1021.2,47.0518,21.9387
"03/26/2012",5,14,39.44,31.3,0,3.1,1025.6,47.0518,21.9387
"03/27/2012",-1,15,46.13,29.8,0,16.3,1024.7,47.0518,21.9387
"03/28/2012",6,16,46.12,29.5,0,4.4,1020.8,47.0518,21.9387
"03/29/2012",7,18,46.61,38.9,0,31.7,1009.1,47.0518,21.9387
"03/30/2012",4,12,65.9,29.5,0,76.3,1004.7,47.0518,21.9387
"03/31/2012",5,14,60.39,46.4,0.19,39.5,1001.7,47.0518,21.9387
"04/01/2012",1,10,57.6,25.9,0,36,1008.1,47.0518,21.9387
"04/02/2012",-1,14.1,45.72,38.9,0,9.5,1012.7,47.0518,21.9387
"04/03/2012",4,18,44.35,31.3,0,12.4,1010.2,47.0518,21.9387
"04/04/2012",10,23,52.71,29.5,0.63,19.1,1010.2,47.0518,21.9387
"04/05/2012",10,24.4,60.49,25.9,0,17.6,1009.9,47.0518,21.9387
"04/06/2012",9,23,66.58,25.9,3.23,10.7,1004.9,47.0518,21.9387
"04/07/2012",6.5,18,77.49,22.3,1.27,41.9,1001.9,47.0518,21.9387
"04/08/2012",2,11,77.35,25.9,2.18,73.3,1000.7,47.0518,21.9387
"04/09/2012",0,8,58.31,22.3,0,18,1010.3,47.0518,21.9387
"04/10/2012",-4,13,58.41,14.8,0,1.2,1013.9,47.0518,21.9387
"04/11/2012",1,18.9,55.51,25.9,0,27.3,1006.1,47.0518,21.9387
"04/12/2012",8,16,63.51,34.7,0.38,67.8,1003.7,47.0518,21.9387
"04/13/2012",3,18,62.64,18.4,0.06,49.3,1005.8,47.0518,21.9387
"04/14/2012",10,14.9,81.89,18,3.35,74.5,997.1,47.0518,21.9387
"04/15/2012",9.9,14.9,93.28,18.4,2.16,83.9,995.3,47.0518,21.9387
"04/16/2012",9,16,83.94,29.5,0.06,62.7,1003.4,47.0518,21.9387
"04/17/2012",8.9,11,86.79,25.8,5.18,93.2,1006.7,47.0518,21.9387
"04/18/2012",7.8,12,92.53,18.2,4.02,76.9,1002.2,47.0518,21.9387
"04/19/2012",7,14,83.71,25.9,0,80.5,998.2,47.0518,21.9387
"04/20/2012",8,19,67.65,29.5,1.42,30.2,999.4,47.0518,21.9387
"04/21/2012",9,16,80.76,35.3,5.06,57.7,1004.5,47.0518,21.9387
"04/22/2012",9,18,72.37,29.5,2.13,40.4,1009.2,47.0518,21.9387
"04/23/2012",11,18,77.25,25.9,2.37,56.2,1010.8,47.0518,21.9387
"04/24/2012",11,20,76.84,25.9,2.68,63.3,1007.6,47.0518,21.9387
"04/25/2012",9,16,75.7,29.5,2.58,33.7,1008.6,47.0518,21.9387
"04/26/2012",7,22,68,18.4,0,2.9,1017,47.0518,21.9387
"04/27/2012",8.7,26,60.13,14.8,0,2.7,1019.4,47.0518,21.9387
"04/28/2012",11,29,54.32,18.4,0,0.1,1022.1,47.0518,21.9387
"04/29/2012",13,29,50.64,18.4,0,0,1019.9,47.0518,21.9387
"04/30/2012",12,30,52.53,14.8,0,0,1016.7,47.0518,21.9387
"05/01/2012",12,30.1,54.72,14.8,0,0,1015.6,47.0518,21.9387
"05/02/2012",14,31,51.99,14.8,0,1.3,1012.5,47.0518,21.9387
"05/03/2012",13,29,57.58,18.4,0,8.4,1007.1,47.0518,21.9387
"05/04/2012",14,24,73.96,22.3,0.32,41.8,1005.6,47.0518,21.9387
"05/05/2012",12,24,70.28,35.3,1.27,17.4,1007.6,47.0518,21.9387
"05/06/2012",12,24.2,61.58,29.5,0,5.1,1010.6,47.0518,21.9387
"05/07/2012",14,23,71.02,25.9,0.43,22.8,1012.8,47.0518,21.9387
"05/08/2012",11,15,90.02,22.3,4,92.2,1016.9,47.0518,21.9387
"05/09/2012",8,22,73.19,11.2,0,20.5,1020.7,47.0518,21.9387
"05/10/2012",9,25,65.43,11.2,0,0.1,1024,47.0518,21.9387
"05/11/2012",11,28,58.17,14.8,0,0.1,1024.9,47.0518,21.9387
"05/12/2012",11.9,29,54.7,25.9,0,6,1018.8,47.0518,21.9387
"05/13/2012",8,15,79.18,35.3,13.79,74.9,1020.3,47.0518,21.9387
"05/14/2012",8,13,84.98,28.4,0.18,84.8,1015.9,47.0518,21.9387
"05/15/2012",10,18,84.23,18.4,0.48,44.2,1009.4,47.0518,21.9387
"05/16/2012",10,14,92.8,25.9,7.14,88.9,1006.3,47.0518,21.9387
"05/17/2012",8,10,85.34,35.3,1.19,84.7,1012.4,47.0518,21.9387
"05/18/2012",5,18,77.17,14.8,0,36.7,1017.7,47.0518,21.9387
"05/19/2012",8,23,75.72,14.8,0,24.6,1017.3,47.0518,21.9387
"05/20/2012",11.1,27,70.6,14.8,0,14,1013.6,47.0518,21.9387
"05/21/2012",13,28,68.73,18.4,0,3.9,1010.2,47.0518,21.9387
"05/22/2012",16,28,68.62,38.8,3.26,27.1,1005.6,47.0518,21.9387
"05/23/2012",15,26,73.76,22.3,8.64,26.9,1008.4,47.0518,21.9387
"05/24/2012",15,25,69.42,35.3,5.29,14.2,1012.2,47.0518,21.9387
"05/25/2012",14.9,22,52.51,29.5,0,53.3,1014.9,47.0518,21.9387
"05/26/2012",11,15,82.18,26,0.65,91,1017.1,47.0518,21.9387
"05/27/2012",11.9,19,67.64,25.7,2.54,51.1,1016.4,47.0518,21.9387
"05/28/2012",8,21,73.83,29.4,0.25,30.4,1012.4,47.0518,21.9387
"05/29/2012",8,21,73.91,11.2,0.19,29.4,1010.5,47.0518,21.9387
"05/30/2012",10.1,25.9,70.66,22.4,0.41,38.1,1012.9,47.0518,21.9387
"05/31/2012",13,25,65.96,22.3,0.18,19.7,1015.1,47.0518,21.9387
"06/01/2012",14,21,75.11,29.5,5.49,34.7,1011.5,47.0518,21.9387
"06/02/2012",11,20,74.11,18.4,0,13.2,1015.4,47.0518,21.9387
"06/03/2012",12,27,73.18,29.5,0.63,35.1,1012.9,47.0518,21.9387
"06/04/2012",19,28.7,63.29,29.5,0,19.5,1007.8,47.0518,21.9387
"06/05/2012",15,22,82.18,29.5,2.6,48.3,1007.2,47.0518,21.9387
"06/06/2012",12,21,82.95,18.4,0.32,63.9,1011.9,47.0518,21.9387
"06/07/2012",11.1,25.2,72.47,22.3,0,18.3,1011.6,47.0518,21.9387
"06/08/2012",16,28,66.64,25.9,0,12.7,1010.4,47.0518,21.9387
"06/09/2012",18.2,31.1,58.47,22.3,0,8.3,1012.4,47.0518,21.9387
"06/10/2012",17,30,72.63,42.5,10.5,45.4,1010.6,47.0518,21.9387
"06/11/2012",17,24,83.03,25.9,17.61,41.4,1005.7,47.0518,21.9387
"06/12/2012",15,26,85.47,25.9,11.38,41.4,1004.9,47.0518,21.9387
"06/13/2012",16,23,76.08,34.7,1.73,46.7,1006.9,47.0518,21.9387
"06/14/2012",13,23,76.36,22.3,0,34.2,1015.3,47.0518,21.9387
"06/15/2012",12,25,69.24,11.2,0,0.1,1020.9,47.0518,21.9387
"06/16/2012",13,28,63.71,14.8,0,0.1,1022.4,47.0518,21.9387
"06/17/2012",16,31,62.04,14.8,0,0.3,1021,47.0518,21.9387
"06/18/2012",17,32,66.29,11.2,0,0,1019.3,47.0518,21.9387
"06/19/2012",19,32,67.4,14.8,0,3.7,1017.8,47.0518,21.9387
"06/20/2012",19,33.1,64.31,11.2,0,0,1014.6,47.0518,21.9387
"06/21/2012",20,34,60.01,25.9,0,0.5,1010.4,47.0518,21.9387
"06/22/2012",21,30,63.53,22.3,1,8.5,1012.7,47.0518,21.9387
"06/23/2012",18,29,58.31,22.3,0,7.9,1019,47.0518,21.9387
"06/24/2012",15,29,53.22,16.3,0,3.3,1018.4,47.0518,21.9387
"06/25/2012",14,29,75.62,29.5,2.23,25.8,1012.7,47.0518,21.9387
"06/26/2012",15,24,67.99,25.9,0,26.8,1015.9,47.0518,21.9387
"06/27/2012",10,26,63.29,18.4,0,0.1,1018.2,47.0518,21.9387
"06/28/2012",11,25.1,68.41,22.3,0,16.1,1015.3,47.0518,21.9387
"06/29/2012",15,30,64.68,14.8,0,4.3,1015.1,47.0518,21.9387
"06/30/2012",18,32,59.51,14.8,0.63,16.6,1015.6,47.0518,21.9387
"07/01/2012",19,34,59.07,14.8,0,0,1015.4,47.0518,21.9387
"07/02/2012",19,36,58.14,14.8,0,0,1016.9,47.0518,21.9387
"07/03/2012",20,34,59.59,14.8,0,0,1015.6,47.0518,21.9387
"07/04/2012",19.1,35,50.62,14.8,0,0.5,1012.1,47.0518,21.9387
"07/05/2012",20,37,50.81,14.8,0,4.2,1010.8,47.0518,21.9387
"07/06/2012",20.1,36.1,55.7,42.5,1.5,15.9,1010.5,47.0518,21.9387
"07/07/2012",17,34,55.98,14.8,0,3.8,1011.1,47.0518,21.9387
"07/08/2012",19,36,53.24,14.8,0,0.1,1009.6,47.0518,21.9387
"07/09/2012",22,35,52.73,29.5,0,9,1009.3,47.0518,21.9387
"07/10/2012",18,31,63.7,18.4,0,4.3,1011.5,47.0518,21.9387
"07/11/2012",18,32,57.6,18.4,0.11,3.7,1012.8,47.0518,21.9387
"07/12/2012",18,25,77.43,46.4,17.64,35.1,1012,47.0518,21.9387
"07/13/2012",14,29,64,11.2,0.11,4.9,1012.9,47.0518,21.9387
"07/14/2012",16,32,60.99,18.4,0,4.3,1009.8,47.0518,21.9387
"07/15/2012",17,27,68.41,25.9,2.6,9.1,1011,47.0518,21.9387
"07/16/2012",11,24,78.08,31.3,0.32,17.3,1017.5,47.0518,21.9387
"07/17/2012",11,24,68.01,29.5,0,9.3,1020.7,47.0518,21.9387
"07/18/2012",12,26,62.77,18.4,0,16.4,1018.5,47.0518,21.9387
"07/19/2012",13,31,53.48,25.9,0,0.3,1014.1,47.0518,21.9387
"07/20/2012",18,30,48.8,14.8,0,10.2,1012.8,47.0518,21.9387
"07/21/2012",17,27,54.08,29.5,0,18.3,1012.7,47.0518,21.9387
"07/22/2012",16,21,77.7,25.9,3.85,59.4,1017.6,47.0518,21.9387
"07/23/2012",14,30,64.17,25.9,0.11,18.3,1021.3,47.0518,21.9387
"07/24/2012",17,30,60.79,21.6,0.37,11.5,1019.2,47.0518,21.9387
"07/25/2012",20,32,65.39,31.3,9.46,38.9,1014.5,47.0518,21.9387
"07/26/2012",19,29,76.77,14.8,6.1,34.1,1013.8,47.0518,21.9387
"07/27/2012",20,29,78.24,14.8,0,50.2,1013.3,47.0518,21.9387
"07/28/2012",18,33,66.36,11.2,0,0,1012,47.0518,21.9387
"07/29/2012",19,34,64.55,18.4,0,0.2,1010.3,47.0518,21.9387
"07/30/2012",19,28,75.54,29.5,1.37,38.5,1014,47.0518,21.9387
"07/31/2012",18,29,72.85,18.4,0,11,1015.3,47.0518,21.9387
"08/01/2012",17,29,75.01,18.4,0,12.1,1014.8,47.0518,21.9387
"08/02/2012",17,32,64.75,11.2,0,0.1,1014.7,47.0518,21.9387
"08/03/2012",18,34,56.51,14.8,0,1.8,1013.4,47.0518,21.9387
"08/04/2012",19,34,55.83,14.8,0,17,1013.1,47.0518,21.9387
"08/05/2012",20,36,53.82,14.8,0,3,1013,47.0518,21.9387
"08/06/2012",19,38,50.08,22.3,0,0,1012.4,47.0518,21.9387
"08/07/2012",22,32,49.18,25.9,0,0.1,1015.5,47.0518,21.9387
"08/08/2012",16,31,48.66,18.4,0,0.9,1019.1,47.0518,21.9387
"08/09/2012",14,29,50.03,22.3,0,9.5,1018.9,47.0518,21.9387
"08/10/2012",15,26,47.12,25.9,0,5.1,1018.6,47.0518,21.9387
"08/11/2012",11,25,48.36,18.4,0,1.4,1016.2,47.0518,21.9387
"08/12/2012",13,20,80.25,18.4,8.33,52.4,1014.8,47.0518,21.9387
"08/13/2012",10,22,72.47,18.4,0,22.9,1014.7,47.0518,21.9387
"08/14/2012",10,25,59.07,18.4,0,17.5,1012.9,47.0518,21.9387
"08/15/2012",10,27,57.07,25.9,0,10.6,1013.9,47.0518,21.9387
"08/16/2012",12,26.6,56.95,25.9,0,6.7,1014.6,47.0518,21.9387
"08/17/2012",14,27,55.52,22.3,0,1.3,1018.5,47.0518,21.9387
"08/18/2012",16,28,54.05,25.9,0,12.9,1021,47.0518,21.9387
"08/19/2012",12,29.2,50.89,18.4,0,4.1,1022.9,47.0518,21.9387
"08/20/2012",14,34,46.59,14.8,0,0,1021,47.0518,21.9387
"08/21/2012",17,36,44.53,18.4,0,1.4,1017.1,47.0518,21.9387
"08/22/2012",19,37,43.92,22.3,0,16.1,1014.2,47.0518,21.9387
"08/23/2012",20,36,45.35,22.3,0,6.2,1013.4,47.0518,21.9387
"08/24/2012",19,38,43.13,29.5,0,2.1,1010.9,47.0518,21.9387
"08/25/2012",20,37,40.27,25.9,0,1.1,1009.5,47.0518,21.9387
"08/26/2012",19,37,42.06,31.3,0,1.1,1007.4,47.0518,21.9387
"08/27/2012",17,24,66.72,25.9,3.07,55.1,1014,47.0518,21.9387
"08/28/2012",10,25,51.19,25.9,0,0,1020.7,47.0518,21.9387
"08/29/2012",8,28,49.34,14.8,0,3.1,1019.4,47.0518,21.9387
"08/30/2012",12,30,45.89,14.8,0,0.1,1018.6,47.0518,21.9387
"08/31/2012",14.8,33,38.88,18.4,0,0.2,1014.4,47.0518,21.9387
"09/01/2012",18,34,37.78,18.4,0,4.1,1015.4,47.0518,21.9387
"09/02/2012",16,31,43.92,18.4,0,0,1020.1,47.0518,21.9387
"09/03/2012",15,33,47.13,14.8,0,2.1,1018.3,47.0518,21.9387
"09/04/2012",15,31,49.35,22.3,0,0.4,1015.8,47.0518,21.9387
"09/05/2012",15,32,47.76,14.8,0,2.8,1014.3,47.0518,21.9387
"09/06/2012",17,26,55.57,29.5,5.33,32.2,1015.6,47.0518,21.9387
"09/07/2012",11.7,23,48.15,18.4,0,8.4,1022.2,47.0518,21.9387
"09/08/2012",11,26,48.28,18.4,0,3.5,1019.4,47.0518,21.9387
"09/09/2012",11,27,53.88,18.4,0,3.7,1019.4,47.0518,21.9387
"09/10/2012",13,30,48.32,14.8,0,0.1,1020.2,47.0518,21.9387
"09/11/2012",13,30,49.3,14.8,0,0.3,1018,47.0518,21.9387
"09/12/2012",12,29,47.51,18.4,0,1.2,1011.8,47.0518,21.9387
"09/13/2012",14,28,42.19,18.4,0,4.1,1005.3,47.0518,21.9387
"09/14/2012",15,28,55.74,18.4,0,22.3,1009.9,47.0518,21.9387
"09/15/2012",14,19,76.25,18.4,0.32,75.9,1011.6,47.0518,21.9387
"09/16/2012",12,24,63.71,22.3,0,28,1017.2,47.0518,21.9387
"09/17/2012",14.1,25,60.71,14.8,0,29.9,1017.6,47.0518,21.9387
"09/18/2012",14.1,28,63.18,18.4,0,6.1,1016.1,47.0518,21.9387
"09/19/2012",13,27,60.84,22.3,0.37,6.1,1011.9,47.0518,21.9387
"09/20/2012",9,19,94.53,25.9,23.89,89.2,1015.3,47.0518,21.9387
"09/21/2012",7,16.1,74.41,22.3,0,50.4,1021.3,47.0518,21.9387
"09/22/2012",5,19,75.18,11.2,0,2.5,1018.2,47.0518,21.9387
"09/23/2012",10,24,65.43,18.4,0,30,1018.2,47.0518,21.9387
"09/24/2012",11,27,68.29,22.3,0,8.7,1011,47.0518,21.9387
"09/25/2012",14,24,68.09,35.3,0,28.4,1007.1,47.0518,21.9387
"09/26/2012",11,29,60.81,29.5,0,1.1,1012.9,47.0518,21.9387
"09/27/2012",18,31,46.07,35.3,0,0.2,1012.9,47.0518,21.9387
"09/28/2012",15,24,74.01,22.3,1.87,30.6,1018.8,47.0518,21.9387
"09/29/2012",13,27,75.26,18.4,0,28.1,1019.3,47.0518,21.9387
"09/30/2012",16,27,65.37,18.4,0,19.2,1017.8,47.0518,21.9387
"10/01/2012",14,30,62.12,18.4,0,25,1018.5,47.0518,21.9387
"10/02/2012",17,26,71.86,35.3,2.46,30.3,1016.3,47.0518,21.9387
"10/03/2012",12,21,82.86,29.5,6.46,59.3,1016.5,47.0518,21.9387
"10/04/2012",9,23,76.91,11.2,0,0.2,1017.2,47.0518,21.9387
"10/05/2012",10,20,75.81,14.8,0,16.4,1018.8,47.0518,21.9387
"10/06/2012",7,26,60.1,22.3,0,2.5,1019.7,47.0518,21.9387
"10/07/2012",10.6,22,64.94,25.9,0,10.1,1012.4,47.0518,21.9387
"10/08/2012",4,15,75.58,31.3,3.4,19.1,1017.2,47.0518,21.9387
"10/09/2012",3,15,70.07,18.4,0,18.9,1014.7,47.0518,21.9387
"10/10/2012",7,16,61.55,11.2,0,32.1,1012.5,47.0518,21.9387
"10/11/2012",5,15,78,14.8,1.1,49.2,1014.6,47.0518,21.9387
"10/12/2012",3,18,67.64,14.8,0.32,11.4,1015.4,47.0518,21.9387
"10/13/2012",9,19,73.99,11.2,0.37,26.6,1015.1,47.0518,21.9387
"10/14/2012",9,15,93.27,18.4,0.18,53,1011.4,47.0518,21.9387
"10/15/2012",10,22,81.23,22.3,0,35.6,1010.3,47.0518,21.9387
"10/16/2012",11,25,74.91,29.5,0.11,14.4,1010.3,47.0518,21.9387
"10/17/2012",7,15.1,83.01,29.5,0.63,31.4,1020.8,47.0518,21.9387
"10/18/2012",5,22,71.63,14.8,0,7.5,1024.6,47.0518,21.9387
"10/19/2012",6.9,25,67.39,14.8,0,1.6,1022.6,47.0518,21.9387
"10/20/2012",8,25,64.45,14.8,0,0,1020.5,47.0518,21.9387
"10/21/2012",6,21,73.78,18.4,0,0,1021.7,47.0518,21.9387
"10/22/2012",5,20,77.69,14.8,0,0,1022.1,47.0518,21.9387
"10/23/2012",4,19,82.18,14.8,0,0.3,1022.3,47.0518,21.9387
"10/24/2012",3,16,88,11.2,0,20.4,1020.2,47.0518,21.9387
"10/25/2012",6,11,96.81,14.8,0,82,1015.3,47.0518,21.9387
"10/26/2012",7,15,80.76,22.3,0,69.9,1010.4,47.0518,21.9387
"10/27/2012",6,19,70.2,42.5,6.76,16.1,996.9,47.0518,21.9387
"10/28/2012",2.4,14,95.05,22.3,17.23,87.9,1000.8,47.0518,21.9387
"10/29/2012",2,4,96.86,22.3,3.73,94.1,1009.1,47.0518,21.9387
"10/30/2012",2,4,91.57,25.9,0.11,85,1011.3,47.0518,21.9387
"10/31/2012",0,11,68.62,22.3,0,12.1,1015.7,47.0518,21.9387
"11/01/2012",2,16,68.58,31.3,1,46.7,1004.5,47.0518,21.9387
"11/02/2012",9.8,18,80.39,25.9,1.2,46.2,1006.7,47.0518,21.9387
"11/03/2012",8,17,85.95,25.9,0.43,44,1015.5,47.0518,21.9387
"11/04/2012",6,19,71.65,29.5,0,2.4,1013.2,47.0518,21.9387
"11/05/2012",9,23,67.86,38.9,9.8,43.2,1002.1,47.0518,21.9387
"11/06/2012",5,13,82.64,25.9,2.77,49.2,1012.8,47.0518,21.9387
"11/07/2012",1,10,77.16,25.9,0,55.4,1022.1,47.0518,21.9387
"11/08/2012",5,11.5,80.81,29.5,0,64.6,1024.5,47.0518,21.9387
"11/09/2012",4,9,88.14,18.4,0,56.8,1019.1,47.0518,21.9387
"11/10/2012",1,12,92.98,11.2,0.19,36.7,1022.8,47.0518,21.9387
"11/11/2012",5,15,74.06,14.8,0,7.7,1020.7,47.0518,21.9387
"11/12/2012",5,17,70.82,14.8,0,3.9,1023.3,47.0518,21.9387
"11/13/2012",5,10,87.34,25.9,2.5,64,1027.8,47.0518,21.9387
"11/14/2012",3,10.1,86.27,25.9,0,78.1,1031.4,47.0518,21.9387
"11/15/2012",2,11,93.28,11.1,0,28.2,1028.8,47.0518,21.9387
"11/16/2012",0,11,90.46,11.2,0,0,1026.1,47.0518,21.9387
"11/17/2012",1,11,88.63,11.2,0,9.1,1022.6,47.0518,21.9387
"11/18/2012",1,13,85.76,11.2,0,19.4,1019.6,47.0518,21.9387
"11/19/2012",1,12.1,92.42,12.1,0,3.8,1020.6,47.0518,21.9387
"11/20/2012",0.4,12,93.36,11.2,0,21.1,1023.1,47.0518,21.9387
"11/21/2012",-1,11,94.81,11.2,0,11.8,1024.1,47.0518,21.9387
"11/22/2012",1,9,94.39,11.2,0,26.7,1026.3,47.0518,21.9387
"11/23/2012",4,8,97.12,7.6,0.32,70.3,1025.3,47.0518,21.9387
"11/24/2012",3,10,94.96,11.1,0,71.3,1025.3,47.0518,21.9387
"11/25/2012",2,11,92.19,11.2,0,43.4,1023.5,47.0518,21.9387
"11/26/2012",1,12,86.15,14.8,0,38.3,1020.2,47.0518,21.9387
"11/27/2012",5,13,71.68,18.4,0,28.5,1013.8,47.0518,21.9387
"11/28/2012",5.1,17,72.13,18.4,0,29.1,1007.5,47.0518,21.9387
"11/29/2012",10,18,74.46,35.3,1.22,34.1,996.5,47.0518,21.9387
"11/30/2012",3.7,10,92.17,18.3,2.27,30.5,1002.2,47.0518,21.9387
"12/01/2012",2.7,6,93.12,11.2,2.63,91.7,1012.5,47.0518,21.9387
"12/02/2012",1.9,7,96.47,7.6,1.63,92.2,1011.6,47.0518,21.9387
"12/03/2012",0,7,91.11,25.9,7.56,77,1005.2,47.0518,21.9387
"12/04/2012",-3,3,79.72,25.9,0.38,46.2,1008.4,47.0518,21.9387
"12/05/2012",0,2,92.85,14.8,2.94,95.7,1001.8,47.0518,21.9387
"12/06/2012",-1,1,90.3,11.2,0,95.1,1010.1,47.0518,21.9387
"12/07/2012",-6,0,86.21,22.3,0,37.3,1015.5,47.0518,21.9387
"12/08/2012",-7,0,86.46,26,0,42.9,1014.1,47.0518,21.9387
"12/09/2012",-9,-2,94.33,38.8,0,70.4,1012.9,47.0518,21.9387
"12/10/2012",-14.8,-4,91.77,14.7,0.11,58.1,1013,47.0518,21.9387
"12/11/2012",-8,0,87.64,14.8,0,42.5,1013,47.0518,21.9387
"12/12/2012",-4,-2,99.08,25.9,0.61,76.7,1016,47.0518,21.9387
"12/13/2012",-10,-4,85.74,25.9,0,37.2,1025,47.0518,21.9387
"12/14/2012",-7.9,3,65.68,18.4,0,33.1,1024.9,47.0518,21.9387
"12/15/2012",2,8,72.19,25.9,7.14,40.6,1017.9,47.0518,21.9387
"12/16/2012",1,6,99.72,25.9,14.86,95,1015.2,47.0518,21.9387
"12/17/2012",1.3,5,99.78,11.2,0.7,56.1,1014.7,47.0518,21.9387
"12/18/2012",0,6,97.18,14.8,0,36.3,1013.1,47.0518,21.9387
"12/19/2012",0,5,96.38,14.8,0,49.1,1018.2,47.0518,21.9387
"12/20/2012",-4,2,93.62,11.2,0,23.9,1020.6,47.0518,21.9387
"12/21/2012",-4.9,-2,97.6,14.8,0,92.8,1017.7,47.0518,21.9387
"12/22/2012",-5,-3,97.58,14.8,0,91.3,1023,47.0518,21.9387
"12/23/2012",-3,0,87.2,11.2,0,85.8,1022.8,47.0518,21.9387
"12/24/2012",-1,6,94.69,25.9,0.63,58.7,1020.2,47.0518,21.9387
"12/25/2012",0,12,81.38,25.9,0.19,17.8,1017.1,47.0518,21.9387
"12/26/2012",6,13,77.53,29.5,0.32,54,1015.4,47.0518,21.9387
"12/27/2012",1,7,98,22.3,4.33,58.4,1017.4,47.0518,21.9387
"12/28/2012",0,6,91.56,25.9,0,75.1,1018.4,47.0518,21.9387
"12/29/2012",-2,6,79.67,18.4,0,23,1031,47.0518,21.9387
"12/30/2012",-3,5,95.61,11.1,0,16.3,1028.2,47.0518,21.9387
"12/31/2012",-5,3,93.03,18.4,0,23.3,1028.3,47.0518,21.9387
"01/01/2013",-6.9,-1,99.86,7.6,0,42.4,1022.1,47.0518,21.9387
"01/02/2013",-5,3,98.27,18.4,0,37.1,1023.5,47.0518,21.9387
"01/03/2013",-2,2,98.41,31.3,0,84.8,1031.8,47.0518,21.9387
"01/04/2013",1,6.1,94.91,29.5,0,59,1023.1,47.0518,21.9387
"01/05/2013",1,7,87.7,29.5,3.34,62,1015.7,47.0518,21.9387
"01/06/2013",-1,3,75.34,31.3,0,41.7,1019.3,47.0518,21.9387
"01/07/2013",-6,1,71.14,31.3,0.29,28.4,1022.6,47.0518,21.9387
"01/08/2013",-10,-2,79.17,11.2,0,27.1,1028.7,47.0518,21.9387
"01/09/2013",-11.9,-3,90.47,11.2,0.37,54.2,1024.7,47.0518,21.9387
"01/10/2013",-12,0,93.78,22.3,0.32,74.9,1015.4,47.0518,21.9387
"01/11/2013",-1.1,2,95.64,22.3,0.74,60.5,1009.6,47.0518,21.9387
"01/12/2013",-6.7,-1,91,29.5,0,58.8,1017.7,47.0518,21.9387
"01/13/2013",-5,3,74.52,18.4,0,38.4,1020.6,47.0518,21.9387
"01/14/2013",0,9,70.32,14.8,0.11,22.8,1017.1,47.0518,21.9387
"01/15/2013",2,7,89.01,22.3,1.24,45.3,1013,47.0518,21.9387
"01/16/2013",3.1,10,92.16,29.5,2.95,79.7,1003.1,47.0518,21.9387
"01/17/2013",2,6,96.1,18.4,0.18,84.6,1002.5,47.0518,21.9387
"01/18/2013",0,2,98.81,22.3,5.47,84.1,1000.3,47.0518,21.9387
"01/19/2013",-3,0,98.29,22.3,6.27,92.1,1001,47.0518,21.9387
"01/20/2013",-2,10,92.08,22.3,1.73,80.1,1003.5,47.0518,21.9387
"01/21/2013",10,16,61.21,35.3,0.51,22.5,998.6,47.0518,21.9387
"01/22/2013",1,13,81.83,25.9,1,64.1,999.4,47.0518,21.9387
"01/23/2013",-1,2,99.11,29.5,0.87,89.2,1008.5,47.0518,21.9387
"01/24/2013",-0.2,5,92.24,27.5,0.63,12.3,1008.5,47.0518,21.9387
"01/25/2013",-1,1,83.37,35.2,0,49,1008.2,47.0518,21.9387
"01/26/2013",-3.3,1.1,80.91,18.4,0,54.1,1014.5,47.0518,21.9387
"01/27/2013",-2,0.1,89.43,18.4,0,75.3,1017,47.0518,21.9387
"01/28/2013",-3,1,97.42,14.8,1.63,56.3,1016.7,47.0518,21.9387
"01/29/2013",-2,1,96.52,29.5,0.19,92.5,1021,47.0518,21.9387
"01/30/2013",1,5,98.57,29.5,2.73,95.2,1015.8,47.0518,21.9387
"01/31/2013",4.1,10,81.79,35.1,0.43,42.1,1012.2,47.0518,21.9387
"02/01/2013",2.7,9,74.23,35.3,0,34.6,1009.7,47.0518,21.9387
"02/02/2013",4.8,9,81.55,31.3,14.83,74.8,996.7,47.0518,21.9387
"02/03/2013",0,6,99.43,25.9,9.07,89.9,1003.2,47.0518,21.9387
"02/04/2013",-4,2,92.79,29.5,0.93,76.7,1015.1,47.0518,21.9387
"02/05/2013",1,8,70.62,31.3,0,55.6,1012.1,47.0518,21.9387
"02/06/2013",2.1,12,67.28,31.3,0,13.9,1001,47.0518,21.9387
"02/07/2013",0,5,86.87,29.5,5.52,89.9,1000.5,47.0518,21.9387
"02/08/2013",0,3.1,82.8,29.5,0,72.3,1007.1,47.0518,21.9387
"02/09/2013",-1,1,93.94,18.4,0.11,93.2,1011.7,47.0518,21.9387
"02/10/2013",-1,2,93.3,29.5,0.97,93.7,1012.2,47.0518,21.9387
"02/11/2013",-3,1,83.57,18.4,0,54.7,1015.3,47.0518,21.9387
"02/12/2013",-4,9,66.54,18.4,0,11.3,1012.4,47.0518,21.9387
"02/13/2013",4.1,15.1,61.95,14.8,0,22.2,1013.8,47.0518,21.9387
"02/14/2013",2,8.1,87.64,12.7,0.37,60.6,1018.5,47.0518,21.9387
"02/15/2013",1,8,92.3,11.2,0,50,1018,47.0518,21.9387
"02/16/2013",-2,7,97.28,11.2,0,45.8,1020.7,47.0518,21.9387
"02/17/2013",-2,5.1,78.09,18.4,0,54.6,1022.4,47.0518,21.9387
"02/18/2013",-4,3,76.68,14.8,0,17,1021.7,47.0518,21.9387
"02/19/2013",-5,5,76.61,14.8,0,37.8,1016.5,47.0518,21.9387
"02/20/2013",0,5,82.98,25.9,0.32,54.9,1014.4,47.0518,21.9387
"02/21/2013",-3,4,82.8,18.4,0,23.2,1017.8,47.0518,21.9387
"02/22/2013",0,5.1,95.41,11.2,4.26,94.4,1009.9,47.0518,21.9387
"02/23/2013",2,12,78.63,18.4,0.19,38.7,1009.1,47.0518,21.9387
"02/24/2013",7,16,64.14,18.4,0.61,32.9,1012.7,47.0518,21.9387
"02/25/2013",6.5,15,75.35,18.4,0,54.6,1018.2,47.0518,21.9387
"02/26/2013",5.1,15,78.21,14.8,0.29,25.8,1019.4,47.0518,21.9387
"02/27/2013",4,8,87.8,18.4,0.87,87.8,1022.5,47.0518,21.9387
"02/28/2013",1.1,8,86.14,14.8,0,78.6,1026.4,47.0518,21.9387
"03/01/2013",1,6,91.59,22.3,0,80.6,1019.4,47.0518,21.9387
"03/02/2013",-1,7.1,69.37,18.4,0,35,1019.7,47.0518,21.9387
"03/03/2013",-1,8.1,70.97,26.2,0,7.6,1018.8,47.0518,21.9387
"03/04/2013",-1,8.1,53.87,25.9,0,1.1,1023.4,47.0518,21.9387
"03/05/2013",-5,11,57.92,22.3,0,0,1027.5,47.0518,21.9387
"03/06/2013",-1,14,54.86,31.3,0,17.7,1018.4,47.0518,21.9387
"03/07/2013",8,15,66.13,29.5,0.5,44.1,1009.6,47.0518,21.9387
"03/08/2013",8,17,80.36,22.3,4.17,42.4,1005.4,47.0518,21.9387
"03/09/2013",9.8,15,89.44,25.9,18.87,54,1002.4,47.0518,21.9387
"03/10/2013",6.6,12,97.37,14.8,8.05,88.8,1000,47.0518,21.9387
"03/11/2013",6,12.1,91.82,25.9,8.64,66.7,998.1,47.0518,21.9387
"03/12/2013",2.1,13,85.49,14.8,0,22,1000.1,47.0518,21.9387
"03/13/2013",6.1,13,81.53,29.5,6.14,74.8,998.3,47.0518,21.9387
"03/14/2013",0,9,95.24,29.4,6.16,84.1,993,47.0518,21.9387
"03/15/2013",-4,0,91.6,29.5,4.71,86,997.6,47.0518,21.9387
"03/16/2013",-8,0,80.12,14.7,0.19,39.9,1017.9,47.0518,21.9387
"03/17/2013",-11,2,68.61,11.2,0,0.2,1022.2,47.0518,21.9387
"03/18/2013",-4,11,63.3,22.3,0,25.6,1010.5,47.0518,21.9387
"03/19/2013",3.1,10,80.39,61.2,3.32,66.2,998.9,47.0518,21.9387
"03/20/2013",4,15,70.14,35.2,0,15.4,1008.7,47.0518,21.9387
"03/21/2013",5,11.1,76.69,22.3,1.73,53.2,1005.6,47.0518,21.9387
"03/22/2013",-0.9,5,92.19,35.2,5.78,79.5,1006.8,47.0518,21.9387
"03/23/2013",-4,2.1,68.64,29.5,0.19,19.2,1017.7,47.0518,21.9387
"03/24/2013",-8,1,54.28,29.4,0,12.4,1021,47.0518,21.9387
"03/25/2013",-2,5,72.65,25.9,0.73,43.7,1013.3,47.0518,21.9387
"03/26/2013",0,4,96.65,18.4,3.84,78.9,1005.2,47.0518,21.9387
"03/27/2013",-1,2,99.29,14.8,1.42,89.1,1010.9,47.0518,21.9387
"03/28/2013",-1,4,91.38,11.2,0.68,63.5,1017.8,47.0518,21.9387
"03/29/2013",0,12,83.04,25.9,8.28,58,1011.5,47.0518,21.9387
"03/30/2013",6,12,95.56,18.4,14.18,77.8,1006,47.0518,21.9387
"03/31/2013",7,19,84.27,31.3,4.87,36.8,998.4,47.0518,21.9387
"04/01/2013",1,6,84.93,29.5,1.73,76.7,1008,47.0518,21.9387
"04/02/2013",0,11,84.38,26.2,2.5,39.8,1009.3,47.0518,21.9387
"04/03/2013",7,10,96.74,18.4,11.11,86.4,1004,47.0518,21.9387
"04/04/2013",4,7,96.78,25.9,5.78,93.6,1008.8,47.0518,21.9387
"04/05/2013",4,10,89.31,18.4,5.83,79.3,1007.8,47.0518,21.9387
"04/06/2013",5.3,10,89.19,18.3,3.13,91.1,1009.3,47.0518,21.9387
"04/07/2013",3,10,74.06,29.5,0,61.8,1014.5,47.0518,21.9387
"04/08/2013",-0.9,8.1,73.95,25.9,0,29.2,1011.9,47.0518,21.9387
"04/09/2013",3,12,85.42,25.9,0.82,90.8,1010.5,47.0518,21.9387
"04/10/2013",7,13,88.6,25.9,1.68,66.8,1010.4,47.0518,21.9387
"04/11/2013",5,16,77.87,18.4,0,13.8,1014.1,47.0518,21.9387
"04/12/2013",7,17,67.64,35.3,2,21.2,1011.1,47.0518,21.9387
"04/13/2013",10,18,74.72,29.4,4.87,41,1015.5,47.0518,21.9387
"04/14/2013",4,16,76.22,22.3,0,23.3,1025.5,47.0518,21.9387
"04/15/2013",5,16.1,63.12,22.3,0,0,1026.8,47.0518,21.9387
"04/16/2013",4,19,58.99,18.4,0,0,1025.3,47.0518,21.9387
"04/17/2013",5,20.1,59.38,14.8,0,1.5,1023.7,47.0518,21.9387
"04/18/2013",6,22.1,55.93,14.8,0,0,1021.1,47.0518,21.9387
"04/19/2013",6,22,50.15,18.4,0,0,1019,47.0518,21.9387
"04/20/2013",7,23,55.71,18.4,0,1.1,1017.5,47.0518,21.9387
"04/21/2013",10,22,56.43,22.3,0,3.7,1017.3,47.0518,21.9387
"04/22/2013",9,21.8,62.92,22.2,0,27.6,1014.9,47.0518,21.9387
"04/23/2013",8,21,69.48,25.9,0,3.3,1019.9,47.0518,21.9387
"04/24/2013",10,24,61.55,22.3,0,5.1,1025.5,47.0518,21.9387
"04/25/2013",9,25.1,60.09,18.4,0,2.1,1024,47.0518,21.9387
"04/26/2013",10,26.1,57.68,22.3,0,0,1016.9,47.0518,21.9387
"04/27/2013",14,27,54.94,25.9,0,5,1008.3,47.0518,21.9387
"04/28/2013",15.1,25,58.36,29.5,0.11,21.4,1011,47.0518,21.9387
"04/29/2013",12,28,59.9,25.9,0,2,1018.3,47.0518,21.9387
"04/30/2013",14,31,53.88,22.3,0,0.5,1018.7,47.0518,21.9387
"05/01/2013",16,29.1,58.35,18.3,0,3.6,1018.3,47.0518,21.9387
"05/02/2013",15,30,58.94,14.8,0,7.8,1015.8,47.0518,21.9387
"05/03/2013",16,29,60.84,31.3,1.1,13,1010.9,47.0518,21.9387
"05/04/2013",13,25,70.03,18.4,0,16.2,1014.2,47.0518,21.9387
"05/05/2013",10.1,25,67.99,18.4,0,8.1,1019.4,47.0518,21.9387
"05/06/2013",14.1,29,57.09,14.8,0,28.1,1019,47.0518,21.9387
"05/07/2013",15,28,66.23,18.4,0.19,13.1,1017.4,47.0518,21.9387
"05/08/2013",13.1,28,64.74,14.8,0,2.4,1016,47.0518,21.9387
"05/09/2013",15,26,68.64,14.8,0,6.9,1016.6,47.0518,21.9387
"05/10/2013",13,27,63.97,11.2,0,0.4,1014.3,47.0518,21.9387
"05/11/2013",12,28,55.02,14.8,0,5,1009.7,47.0518,21.9387
"05/12/2013",13,22.1,78.74,22.3,0,45.7,1006.6,47.0518,21.9387
"05/13/2013",11,18,79.47,25.9,0,70.6,1010,47.0518,21.9387
"05/14/2013",10,17,79.63,18.3,29.52,74,1012.6,47.0518,21.9387
"05/15/2013",7,17.1,87.35,14.8,7.19,54.8,1011.5,47.0518,21.9387
"05/16/2013",8,25,71.03,11.2,0,0.2,1009.1,47.0518,21.9387
"05/17/2013",14,22,79.32,22.2,1.05,28.3,1007.1,47.0518,21.9387
"05/18/2013",13.1,24,72.08,25.9,3.89,22.7,1012.8,47.0518,21.9387
"05/19/2013",10.1,28,58.93,14.7,0,0,1013,47.0518,21.9387
"05/20/2013",13.1,24,59.21,25.9,0,6.7,1012.6,47.0518,21.9387
"05/21/2013",10.1,22,66.25,29.5,0.13,22.9,1014.1,47.0518,21.9387
"05/22/2013",11,15.1,90.85,18.4,7.34,69.1,1008.9,47.0518,21.9387
"05/23/2013",10,15,90.11,25.9,1.94,62,1002.5,47.0518,21.9387
"05/24/2013",11,17,82.37,18.4,0,89.7,1004.4,47.0518,21.9387
"05/25/2013",12,18,78.42,29.5,0.65,72,1007.7,47.0518,21.9387
"05/26/2013",8.1,15,89.67,22.3,3.16,54.5,1007.2,47.0518,21.9387
"05/27/2013",9,13,92.86,25.9,3.49,62.3,1009.5,47.0518,21.9387
"05/28/2013",10.1,18.1,84.76,25.8,1.54,66.3,1009.9,47.0518,21.9387
"05/29/2013",13,25,65.85,14.8,0.06,23.3,1004.6,47.0518,21.9387
"05/30/2013",12,21,89.7,29.5,20.18,51,1001.4,47.0518,21.9387
"05/31/2013",8,20,69.33,29.4,1.71,20,1002.9,47.0518,21.9387
"06/01/2013",9.1,17,81.93,22.3,0.07,30.6,1005.3,47.0518,21.9387
"06/02/2013",11,20,80.85,14.8,1.74,48.8,1007.8,47.0518,21.9387
"06/03/2013",10,18,92.35,25.9,1.27,47.1,1010.6,47.0518,21.9387
"06/04/2013",12,15,88.88,25.9,1.01,94.5,1012.1,47.0518,21.9387
"06/05/2013",12,20,80.85,14.7,0,64.9,1015.2,47.0518,21.9387
"06/06/2013",13,20.1,89.39,11.2,0.8,51.6,1017.1,47.0518,21.9387
"06/07/2013",14,24.1,83.78,18.4,4.87,52.3,1015.7,47.0518,21.9387
"06/08/2013",13,26.1,74.4,22.2,2,19.2,1013.1,47.0518,21.9387
"06/09/2013",14.1,27,73.15,18.4,0.04,23.1,1011.5,47.0518,21.9387
"06/10/2013",16,28,77.93,27.5,4.1,18.9,1009.1,47.0518,21.9387
"06/11/2013",15,25,76.07,14.8,3.9,30.4,1009.4,47.0518,21.9387
"06/12/2013",15,24,80.78,29.5,0,21.5,1012.6,47.0518,21.9387
"06/13/2013",15,26,74.12,22.3,0,11.8,1016.3,47.0518,21.9387
"06/14/2013",14.1,27.1,71.65,22.3,0,0.1,1015.6,47.0518,21.9387
"06/15/2013",15.1,29,74.78,14.7,0,5.6,1014.7,47.0518,21.9387
"06/16/2013",17,30,68.7,11.2,0,0.1,1015.8,47.0518,21.9387
"06/17/2013",17,31.1,62.03,14.7,0,0.1,1017,47.0518,21.9387
"06/18/2013",19,33,64.21,14.8,0,0,1016.8,47.0518,21.9387
"06/19/2013",19.1,33.1,67.78,14.8,0,0.2,1015.9,47.0518,21.9387
"06/20/2013",20.1,33,69.16,11.2,0,1.3,1015.5,47.0518,21.9387
"06/21/2013",20,33,66.98,14.8,0,0,1013.8,47.0518,21.9387
"06/22/2013",20.1,34,72.86,35.3,3.91,28,1012.8,47.0518,21.9387
"06/23/2013",19,28,71.15,14.8,0.07,35.7,1011.3,47.0518,21.9387
"06/24/2013",18.1,29,76.1,22.3,2.93,24,1008.8,47.0518,21.9387
"06/25/2013",15,19,88.6,25.9,2.27,87.5,1012.7,47.0518,21.9387
"06/26/2013",14,19,77.76,25.8,0.06,84.2,1018.5,47.0518,21.9387
"06/27/2013",10.1,18.1,83.57,13.1,0,34.3,1020.5,47.0518,21.9387
"06/28/2013",14,23,77.28,11.2,0.32,62,1017.5,47.0518,21.9387
"06/29/2013",12,24,74.65,22.3,3.8,21.8,1015.1,47.0518,21.9387
"06/30/2013",12,24.1,72.73,29.5,0,35.6,1013.6,47.0518,21.9387
"07/01/2013",13,22,60.66,22.3,0,0.3,1017.6,47.0518,21.9387
"07/02/2013",9.1,25,65.79,18.4,0,5.9,1019,47.0518,21.9387
"07/03/2013",12,28,60.24,14.8,0,0.1,1016.6,47.0518,21.9387
"07/04/2013",13,29.1,55.37,18.4,0,0.1,1015.8,47.0518,21.9387
"07/05/2013",15,29,69.52,14.8,0.73,19.4,1017.9,47.0518,21.9387
"07/06/2013",16.1,31,62.07,22.3,0.07,13.1,1020.4,47.0518,21.9387
"07/07/2013",17,30,62.17,25.9,0,13.6,1022,47.0518,21.9387
"07/08/2013",18,30,68.35,11.2,0,18.5,1022.6,47.0518,21.9387
"07/09/2013",17,28.1,66.61,16.7,0.13,6.9,1020.1,47.0518,21.9387
"07/10/2013",17,28,78.14,22.2,0,18.5,1013.7,47.0518,21.9387
"07/11/2013",15,28,73.7,31.5,4.8,22.5,1010.6,47.0518,21.9387
"07/12/2013",12.1,25,64.77,25.9,0,14.9,1015.1,47.0518,21.9387
"07/13/2013",13,26,63.64,25.9,0,14.7,1016.3,47.0518,21.9387
"07/14/2013",14,26,62.39,18.4,0,23.8,1016.3,47.0518,21.9387
"07/15/2013",14.1,26,71.04,25.9,1.9,29.4,1015.9,47.0518,21.9387
"07/16/2013",13.1,26,64.89,22.3,0,47.3,1019.7,47.0518,21.9387
"07/17/2013",12,27,63.11,18.4,0,2.2,1021.2,47.0518,21.9387
"07/18/2013",16,29,59.29,18.4,0,3.8,1020.1,47.0518,21.9387
"07/19/2013",16,30,58.85,18.4,0,0.3,1017.3,47.0518,21.9387
"07/20/2013",16.1,28,60.65,29.4,0,7.6,1014.6,47.0518,21.9387
"07/21/2013",14.1,25,47.7,25.9,0,2.3,1018.2,47.0518,21.9387
"07/22/2013",12.1,28,52.49,18.4,0,0,1017.2,47.0518,21.9387
"07/23/2013",14,30,53.02,18.3,0,4.3,1012.5,47.0518,21.9387
"07/24/2013",17,29,45.86,18.3,0,2.3,1013.4,47.0518,21.9387
"07/25/2013",15,29.1,53.86,22.3,0,1.2,1014.5,47.0518,21.9387
"07/26/2013",15,31,62.35,14.8,0,3.2,1015.2,47.0518,21.9387
"07/27/2013",17,32,55.83,14.8,0,1.1,1014.3,47.0518,21.9387
"07/28/2013",18,35,51.45,14.8,0,3.4,1014.9,47.0518,21.9387
"07/29/2013",21,38,49.21,22.3,0,0,1013.6,47.0518,21.9387
"07/30/2013",20,28,62.91,29.5,0.29,33.8,1012.7,47.0518,21.9387
"07/31/2013",16,28,63.48,22.3,0,6.9,1015.9,47.0518,21.9387
"08/01/2013",15,30,59.69,18.4,0,0.2,1017.5,47.0518,21.9387
"08/02/2013",17,31,52.79,14.8,0,13.7,1017.9,47.0518,21.9387
"08/03/2013",17,35,52.61,18.4,0,7.8,1015.6,47.0518,21.9387
"08/04/2013",19,33,46.56,22.3,0,0,1017.5,47.0518,21.9387
"08/05/2013",17,33,47.13,14.8,0,0.1,1017.7,47.0518,21.9387
"08/06/2013",19,34,48.69,18.4,0,0,1016.3,47.0518,21.9387
"08/07/2013",17,36,47.72,14.8,0,0,1014.6,47.0518,21.9387
"08/08/2013",18.1,37,46.81,14.8,0,0,1015.3,47.0518,21.9387
"08/09/2013",20,36,43.9,14.8,0,2.1,1012.9,47.0518,21.9387
"08/10/2013",19,33,59.12,35.3,1.9,23.4,1010.5,47.0518,21.9387
"08/11/2013",17,27.1,68.16,18.4,3.17,24,1014.4,47.0518,21.9387
"08/12/2013",14,30,58.08,11.2,0,1.1,1016.1,47.0518,21.9387
"08/13/2013",16,33,47.84,18.4,0,0,1014.1,47.0518,21.9387
"08/14/2013",17,26,58.37,22.3,2.18,7.3,1017.1,47.0518,21.9387
"08/15/2013",17,26,47.13,22.3,0,20.7,1020.5,47.0518,21.9387
"08/16/2013",11,27,49.38,14.8,0,0.1,1020.9,47.0518,21.9387
"08/17/2013",11,29,52.57,14.8,0,0,1018.3,47.0518,21.9387
"08/18/2013",15,32,49.01,14.8,0,0,1017.3,47.0518,21.9387
"08/19/2013",14,33,47.75,14.8,0,0,1015.7,47.0518,21.9387
"08/20/2013",17,33,46.18,14.8,0,1.2,1014.9,47.0518,21.9387
"08/21/2013",19,27,63.5,22.3,0,25.9,1019.1,47.0518,21.9387
"08/22/2013",16,27,60.44,22.3,0,10.2,1018.6,47.0518,21.9387
"08/23/2013",14.1,27,50.43,18.4,0,9.6,1017,47.0518,21.9387
"08/24/2013",13.1,27,54.63,14.8,0,12.6,1014.1,47.0518,21.9387
"08/25/2013",14,28,58.37,14.7,0.07,25.6,1011.5,47.0518,21.9387
"08/26/2013",17,26,84.2,29.5,13.29,34.4,1011.8,47.0518,21.9387
"08/27/2013",17,24,84.38,11.2,1.27,67.7,1013.1,47.0518,21.9387
"08/28/2013",16,21,91.2,14.8,2.1,34.7,1011.6,47.0518,21.9387
"08/29/2013",16,22,84.39,22.3,3.07,53.5,1014.7,47.0518,21.9387
"08/30/2013",13.1,24,66.35,14.8,0,15.4,1018.3,47.0518,21.9387
"08/31/2013",11,26,64.99,11.2,0,21.3,1018.4,47.0518,21.9387
"09/01/2013",12,27,70.68,22.3,0.14,6.7,1017.8,47.0518,21.9387
"09/02/2013",10,21,68.11,22.3,0,10.8,1020.7,47.0518,21.9387
"09/03/2013",14,22,64.73,25.9,0.11,47,1017.8,47.0518,21.9387
"09/04/2013",8,23,55.3,22.3,0,4.8,1023.7,47.0518,21.9387
"09/05/2013",8,23,63.16,18.4,0,1.2,1020.4,47.0518,21.9387
"09/06/2013",7,22,62.87,18.4,0,0,1017.3,47.0518,21.9387
"09/07/2013",6,24,56.85,22.3,0,0,1019.6,47.0518,21.9387
"09/08/2013",7.5,27,54.12,14.8,0,1.1,1022.1,47.0518,21.9387
"09/09/2013",11,26,71.59,14.8,4.37,18.1,1019.2,47.0518,21.9387
"09/10/2013",15,21,84.34,11.2,0.53,62.2,1018.6,47.0518,21.9387
"09/11/2013",14,21,91.57,14.8,2.35,76.1,1013.5,47.0518,21.9387
"09/12/2013",14,19.1,81.08,14.7,0.39,35.3,1014.2,47.0518,21.9387
"09/13/2013",12,19,80.46,22.3,0.22,49.2,1014.4,47.0518,21.9387
"09/14/2013",9,16,92.04,25.9,3.93,74.6,1014,47.0518,21.9387
"09/15/2013",9.1,21,85.95,29.5,0.16,67.7,1012.6,47.0518,21.9387
"09/16/2013",14,24,71.73,18.4,0,18.9,1006.7,47.0518,21.9387
"09/17/2013",10,24,77.42,35.3,5.1,39.2,999.8,47.0518,21.9387
"09/18/2013",8,17,78.32,29.5,3.04,82.1,1003.9,47.0518,21.9387
"09/19/2013",10,18,74.69,25.9,3.28,62.8,1005.1,47.0518,21.9387
"09/20/2013",6,18,79.63,22.3,0,30.9,1014.6,47.0518,21.9387
"09/21/2013",9,18,77.2,18.4,0.17,63,1018.8,47.0518,21.9387
"09/22/2013",8,18,73.33,14.8,0,27.4,1024.1,47.0518,21.9387
"09/23/2013",9,18,78.05,22.3,0,69,1016.5,47.0518,21.9387
"09/24/2013",12,17,82.35,14.8,0,56.6,1012,47.0518,21.9387
"09/25/2013",11,18,65.05,18.4,0,42,1014.4,47.0518,21.9387
"09/26/2013",11,23,76.42,29.5,2.94,30.9,1011,47.0518,21.9387
"09/27/2013",6,16,66.69,22.3,0,24.8,1016.7,47.0518,21.9387
"09/28/2013",4,17,64.2,14.8,0,16.4,1016.4,47.0518,21.9387
"09/29/2013",5,16,61.4,22.3,0,7.6,1015.4,47.0518,21.9387
"09/30/2013",9,17,67.34,25.9,0.55,52.6,1010.6,47.0518,21.9387
"10/01/2013",8,12,90.56,18.4,2.16,89.9,1009.4,47.0518,21.9387
"10/02/2013",5,10,76.85,25.9,1.4,41.6,1018.3,47.0518,21.9387
"10/03/2013",3,10,58.11,22.3,0,21.8,1028.8,47.0518,21.9387
"10/04/2013",-1,11,65.87,11.2,0,3.1,1032.5,47.0518,21.9387
"10/05/2013",-2,15,69.54,14.8,0,0.1,1028,47.0518,21.9387
"10/06/2013",0,17,66.45,14.8,0,0.3,1025.6,47.0518,21.9387
"10/07/2013",2,19,68.84,14.8,0,0.1,1027.4,47.0518,21.9387
"10/08/2013",4,21,69.51,14.8,0,0.3,1027,47.0518,21.9387
"10/09/2013",7,17,75.99,14.8,0.29,30.5,1022,47.0518,21.9387
"10/10/2013",11,16,93.45,14.7,1.13,77.9,1015,47.0518,21.9387
"10/11/2013",11,25,73.41,14.8,0.06,7.1,1016.5,47.0518,21.9387
"10/12/2013",15,27,67.12,11.2,0,20.6,1020.4,47.0518,21.9387
"10/13/2013",14,22,87.24,18.4,1.59,26.4,1021.1,47.0518,21.9387
"10/14/2013",11,21,82.01,11.2,0.04,18.7,1021.3,47.0518,21.9387
"10/15/2013",12,17,95.33,25.9,3.71,62.6,1015.2,47.0518,21.9387
"10/16/2013",10,15,99.21,22.3,14.67,60.2,1005.3,47.0518,21.9387
"10/17/2013",10,15,93.88,11.2,5.42,51.8,1009.4,47.0518,21.9387
"10/18/2013",5,16,88.05,25.9,0.06,34.1,1014.4,47.0518,21.9387
"10/19/2013",6,15,74.04,14.8,0,27.8,1024.2,47.0518,21.9387
"10/20/2013",5,20,65.98,29.5,0,14.8,1024.4,47.0518,21.9387
"10/21/2013",12,18,67.83,29.5,0,36.1,1021,47.0518,21.9387
"10/22/2013",9,22,85.58,14.8,0,8.2,1021.8,47.0518,21.9387
"10/23/2013",13,25,69.02,31.3,0,15.8,1019.6,47.0518,21.9387
"10/24/2013",10,24,68.13,18.4,0,0.3,1021.1,47.0518,21.9387
"10/25/2013",11,25,73.09,14.8,0,10.7,1021.8,47.0518,21.9387
"10/26/2013",9,23,74.03,22.3,0,0.1,1021.1,47.0518,21.9387
"10/27/2013",9,23,74.48,14.8,0,0.2,1018.3,47.0518,21.9387
"10/28/2013",13,21,73.57,22.3,0,19.6,1016.1,47.0518,21.9387
"10/29/2013",12,22,71.77,29.5,0,21.6,1015.3,47.0518,21.9387
"10/30/2013",11,22,78.92,29.5,0,1.2,1019.9,47.0518,21.9387
"10/31/2013",9,16,70.84,22.3,0,20,1026.4,47.0518,21.9387
"11/01/2013",9,16,90.72,11.2,0,61.2,1024.1,47.0518,21.9387
"11/02/2013",12,18,80.01,29.5,0.18,58.8,1016.9,47.0518,21.9387
"11/03/2013",11,18,80.89,35.3,1.47,43.1,1010,47.0518,21.9387
"11/04/2013",8,13,91.9,22.3,4.76,25.3,1009.7,47.0518,21.9387
"11/05/2013",11,21,72.16,35.3,5.66,23.4,998.2,47.0518,21.9387
"11/06/2013",7,12,87.7,29.5,12.23,58.1,1003.4,47.0518,21.9387
"11/07/2013",6,12,84.78,25.9,0.13,38.3,1014.8,47.0518,21.9387
"11/08/2013",7,19,74.14,22.3,0,7.6,1017.8,47.0518,21.9387
"11/09/2013",9,19,68.86,31.3,0,26.2,1014.2,47.0518,21.9387
"11/10/2013",9,15,90.84,22.3,2.58,54.5,1009.6,47.0518,21.9387
"11/11/2013",8,14,85.54,29.5,0.32,11.9,1014.1,47.0518,21.9387
"11/12/2013",7,16,82.21,25.9,0,10.5,1025.3,47.0518,21.9387
"11/13/2013",9,14,90.3,22.3,0,71.8,1024.4,47.0518,21.9387
"11/14/2013",7,9.1,78.19,22.3,0.06,70.6,1022.6,47.0518,21.9387
"11/15/2013",7,13,93.92,11.2,0.19,61.6,1024.7,47.0518,21.9387
"11/16/2013",5,10,97.33,11.2,0,68.1,1028.2,47.0518,21.9387
"11/17/2013",5,8,99.72,11.2,0,88.3,1026.1,47.0518,21.9387
"11/18/2013",2,6,99.16,14.8,0.06,89.6,1022.9,47.0518,21.9387
"11/19/2013",1.9,15,84.92,14.8,0,5.4,1015.9,47.0518,21.9387
"11/20/2013",5,17,68.4,31.3,0.19,20.1,1005.9,47.0518,21.9387
"11/21/2013",6,14,84.08,31.3,2.19,53.4,1004.6,47.0518,21.9387
"11/22/2013",7,16,87.55,14.8,6.54,32.1,1005.8,47.0518,21.9387
"11/23/2013",6,14,83.63,14.8,0.06,19.7,1007.7,47.0518,21.9387
"11/24/2013",5,12,93.77,18.4,7.71,70.1,1006.1,47.0518,21.9387
"11/25/2013",2,7,86.88,29.5,0.07,82.1,1007.7,47.0518,21.9387
"11/26/2013",0,3.1,64.59,25.9,0,29.6,1018.8,47.0518,21.9387
"11/27/2013",-2,5,74.67,29.5,0,20,1025.6,47.0518,21.9387
"11/28/2013",-2,3,92.38,31.3,0,77.3,1028.7,47.0518,21.9387
"11/29/2013",0,3,94.1,25.9,0,88.4,1022,47.0518,21.9387
"11/30/2013",-2,7,82.16,22.3,0,19.1,1020.6,47.0518,21.9387
"12/01/2013",-4,5,90.06,11.2,0,4.2,1026.2,47.0518,21.9387
"12/02/2013",-5,5,85.53,18.4,0,8.9,1030,47.0518,21.9387
"12/03/2013",-4,5,78.38,14.8,0,0,1035.9,47.0518,21.9387
"12/04/2013",-5,4,87.56,11.2,0,11.3,1028.8,47.0518,21.9387
"12/05/2013",-4,0,97.63,29.5,0,82.9,1023.5,47.0518,21.9387
"12/06/2013",-1,5,78.01,31.7,0.06,36.1,1010.5,47.0518,21.9387
"12/07/2013",-3,4,71.59,42.5,0,19.5,1015.2,47.0518,21.9387
"12/08/2013",-7,1,93.74,22.3,0,43.5,1025.7,47.0518,21.9387
"12/09/2013",1,5,94.31,29.5,0.13,62.3,1022.1,47.0518,21.9387
"12/10/2013",-4,4,68.12,25.9,0,9,1033.8,47.0518,21.9387
"12/11/2013",-7,1,81.44,11.2,0,12.6,1040,47.0518,21.9387
"12/12/2013",-4,1.1,82.19,7.6,0,90.3,1034.7,47.0518,21.9387
"12/13/2013",0,1,85.47,7.6,0,98.5,1029.2,47.0518,21.9387
"12/14/2013",-1.7,0,95.14,7.6,0,96.5,1030.1,47.0518,21.9387
"12/15/2013",-2,-1,97.34,11.2,0,97,1034.7,47.0518,21.9387
"12/16/2013",-1,1,91.36,7.6,0,88.8,1038.4,47.0518,21.9387
"12/17/2013",-0.6,1,84.16,7.6,0,92.3,1038.6,47.0518,21.9387
"12/18/2013",-2.1,0,96.95,7.6,0,93.3,1032.4,47.0518,21.9387
"12/19/2013",-4,-2,97.97,7.6,0,67.9,1025.9,47.0518,21.9387
"12/20/2013",-6,4,93.67,14.8,0,26.4,1028.8,47.0518,21.9387
"12/21/2013",-2,2,97.15,22.3,0,89.1,1036.7,47.0518,21.9387
"12/22/2013",-3,7,89.14,14.8,0,63.2,1033.8,47.0518,21.9387
"12/23/2013",0,8,75.99,18.4,0,69.4,1027.1,47.0518,21.9387
"12/24/2013",-1,13,87.71,14.8,0,9.8,1023.8,47.0518,21.9387
"12/25/2013",-2,12,74.33,29.5,0,0.1,1015.8,47.0518,21.9387
"12/26/2013",3,16,60.34,29.5,0,13.8,1008,47.0518,21.9387
"12/27/2013",8,13,65.12,14.8,0,24.9,1010.8,47.0518,21.9387
"12/28/2013",1,12,87.01,14.8,0,1.1,1017.7,47.0518,21.9387
"12/29/2013",0,12,82.84,14.8,0,3.9,1018.9,47.0518,21.9387
"12/30/2013",-2,8,94.17,11.2,0,59.6,1025.9,47.0518,21.9387
"12/31/2013",0,3,99.42,11.2,0,95.9,1026.8,47.0518,21.9387
"01/01/2014",-2,7,93.55,11.2,0,40.2,1023.7,47.0518,21.9387
"01/02/2014",-1,9,84.24,14.8,0,26.3,1019.5,47.0518,21.9387
"01/03/2014",-1,9,80,18.4,0.04,42.4,1020.2,47.0518,21.9387
"01/04/2014",6,11,83.91,22.3,0.58,69,1020.6,47.0518,21.9387
"01/05/2014",8,15,68.61,22.3,0.45,29.1,1013,47.0518,21.9387
"01/06/2014",4,12,87.19,14.8,0.62,36.5,1018.7,47.0518,21.9387
"01/07/2014",4,8,95.6,18.4,0,94.7,1024.7,47.0518,21.9387
"01/08/2014",0,5,99.15,14.8,0.04,82.6,1025.7,47.0518,21.9387
"01/09/2014",3,5,99.15,11.2,0.06,97.1,1023,47.0518,21.9387
"01/10/2014",1,5,96.88,29.5,0,67,1016.5,47.0518,21.9387
"01/11/2014",0,7,85.37,22.3,0.07,49.7,1021.4,47.0518,21.9387
"01/12/2014",-1,7,81.4,25.9,0.06,28.8,1019.8,47.0518,21.9387
"01/13/2014",-2,7,73.59,29.5,0,48.2,1020.2,47.0518,21.9387
"01/14/2014",-1,11,71.99,18.4,0,9.1,1015,47.0518,21.9387
"01/15/2014",2,6,83.69,18.4,1.99,72.6,1011.1,47.0518,21.9387
"01/16/2014",-1,6,90,22.2,0,61.8,1016.2,47.0518,21.9387
"01/17/2014",0,11,72.43,31.3,0,16.1,1013.3,47.0518,21.9387
"01/18/2014",7,11,87.02,29.5,0.58,82.5,1012.9,47.0518,21.9387
"01/19/2014",9,14,76.39,14.8,0.06,34.1,1010.9,47.0518,21.9387
"01/20/2014",9,14,81.93,29.5,6.26,47.7,1005.7,47.0518,21.9387
"01/21/2014",8,11,89.51,14.8,3.01,93,1004.8,47.0518,21.9387
"01/22/2014",0,8,95.5,18.4,3.99,96,1009.6,47.0518,21.9387
"01/23/2014",-2,0,93.51,11.2,0.29,93.6,1018,47.0518,21.9387
"01/24/2014",-3,1,89.59,22.3,0,58.4,1016.2,47.0518,21.9387
"01/25/2014",-6,1,95.52,18.4,2.46,93.5,1011.3,47.0518,21.9387
"01/26/2014",-6,-2,96.07,14.8,1.28,85.2,1013.4,47.0518,21.9387
"01/27/2014",-6,-4,92.51,11.2,0.04,81.1,1008.9,47.0518,21.9387
"01/28/2014",-5,-2,91.73,14.8,0.14,62.5,1005.5,47.0518,21.9387
"01/29/2014",-6,-1,95.51,11.2,0.2,60.1,1009.6,47.0518,21.9387
"01/30/2014",-4,5,89.86,11.2,0.19,35.9,1022,47.0518,21.9387
"01/31/2014",-3,5,88.01,11.2,0,6,1025.8,47.0518,21.9387
"02/01/2014",-4,5,88.91,11.2,0,7.4,1025.4,47.0518,21.9387
"02/02/2014",-3,4,88.5,11.2,0,24.6,1021.9,47.0518,21.9387
"02/03/2014",-5,4,87.01,11.2,0,1.1,1025.3,47.0518,21.9387
"02/04/2014",-6,1,86.68,14.7,0,0,1025.6,47.0518,21.9387
"02/05/2014",-6,5,84.18,11.2,0,1.1,1020.2,47.0518,21.9387
"02/06/2014",-2,7,80.39,11.2,0.32,44.7,1015.6,47.0518,21.9387
"02/07/2014",3,11,80.57,22.3,0,49.3,1014.7,47.0518,21.9387
"02/08/2014",7,11,71.89,22.3,0.06,28.7,1010.4,47.0518,21.9387
"02/09/2014",8,14,74.17,25.9,0.62,30.7,1004.9,47.0518,21.9387
"02/10/2014",3,10,84.43,31.3,0.87,51.8,1008.4,47.0518,21.9387
"02/11/2014",5,18,67.59,35.3,0.64,35.3,1008.6,47.0518,21.9387
"02/12/2014",6,19,71.74,29.5,0.06,20.7,1005.7,47.0518,21.9387
"02/13/2014",3,9,81.19,29.5,0,82,1009.8,47.0518,21.9387
"02/14/2014",0,6,85.33,18.4,0,52.3,1010.1,47.0518,21.9387
"02/15/2014",-2,10,86.26,14.8,0,32.6,1017.9,47.0518,21.9387
"02/16/2014",5,15,62.06,29.5,0,34.6,1013.9,47.0518,21.9387
"02/17/2014",6,8,91.29,18.4,2.84,62.3,1016.9,47.0518,21.9387
"02/18/2014",4,10,87.42,11.2,0,67.5,1023,47.0518,21.9387
"02/19/2014",4,17,79.01,29.5,0,22.4,1016.6,47.0518,21.9387
"02/20/2014",2,11,89.13,14.8,2.68,51.9,1015.9,47.0518,21.9387
"02/21/2014",2,9,90.05,14.8,0,7.4,1015.5,47.0518,21.9387
"02/22/2014",6,9,95.1,7.6,9.2,93.5,1014.2,47.0518,21.9387
"02/23/2014",7,10,88.64,15.4,3.6,79.3,1019.2,47.0518,21.9387
"02/24/2014",5,9,90.31,14.8,0,78.9,1022.7,47.0518,21.9387
"02/25/2014",3,7.1,89.57,18.4,0,84.7,1022.6,47.0518,21.9387
"02/26/2014",1,11,85.16,11.2,0,38.2,1023.3,47.0518,21.9387
"02/27/2014",-1,11,80.45,14.8,0,4,1022.1,47.0518,21.9387
"02/28/2014",5,13,75.07,18.4,0,26.5,1013.8,47.0518,21.9387
"03/01/2014",2,14,72.88,14.8,0.38,16.4,1009.3,47.0518,21.9387
"03/02/2014",3,13,66.4,18.4,0,7.7,1003.4,47.0518,21.9387
"03/03/2014",5,11,78.86,12.7,0.15,57,1001.7,47.0518,21.9387
"03/04/2014",5,9,86.06,11.2,1.27,58.1,1002.1,47.0518,21.9387
"03/05/2014",5,13,87.22,22.3,0.04,48.9,1008.3,47.0518,21.9387
"03/06/2014",6,14,72.85,29.5,0.07,22.9,1018.2,47.0518,21.9387
"03/07/2014",6,13,75.11,22.3,0.22,49.2,1024.1,47.0518,21.9387
"03/08/2014",4,15,75.97,22.3,0.18,17.3,1027.4,47.0518,21.9387
"03/09/2014",4,14,62.77,25.9,0,0,1030.6,47.0518,21.9387
"03/10/2014",3,14,37.72,25.9,0,0.3,1028.1,47.0518,21.9387
"03/11/2014",-1,15,47.65,22.3,0,0,1024.9,47.0518,21.9387
"03/12/2014",-1,15,53.04,25.9,0,0,1027.8,47.0518,21.9387
"03/13/2014",-2,15,51.91,18.4,0,0,1028.9,47.0518,21.9387
"03/14/2014",0,17,70.75,14.8,0,0,1024.6,47.0518,21.9387
"03/15/2014",3,18,75.15,50,0.71,8,1012.2,47.0518,21.9387
"03/16/2014",1.6,12,84.5,46.4,0.73,36.2,1006.6,47.0518,21.9387
"03/17/2014",5,17,69.36,38.9,0,37.7,1011.8,47.0518,21.9387
"03/18/2014",4,16,69,22.3,0,11.5,1016.2,47.0518,21.9387
"03/19/2014",5,15,68.37,42.5,0,21.7,1014.9,47.0518,21.9387
"03/20/2014",3,18,75.41,25.9,0,4.9,1023.8,47.0518,21.9387
"03/21/2014",4,22,59.65,25.9,0,0.2,1021.5,47.0518,21.9387
"03/22/2014",7,21,50.49,31.3,0,1.2,1013.5,47.0518,21.9387
"03/23/2014",10,21,57.09,25.9,0,20.2,1007.7,47.0518,21.9387
"03/24/2014",7,16,76.04,29.4,9.32,50.5,1005.1,47.0518,21.9387
"03/25/2014",3,10,87.48,22.3,0.13,41.6,1008.4,47.0518,21.9387
"03/26/2014",0,15,77.17,18.4,0,17.4,1013.4,47.0518,21.9387
"03/27/2014",3,15,73.95,18.4,0,12.4,1014.3,47.0518,21.9387
"03/28/2014",6,19,57.86,22.3,0,12.7,1012.9,47.0518,21.9387
"03/29/2014",4,18,53.8,22.3,0,0,1020,47.0518,21.9387
"03/30/2014",1,18,65.84,18.4,0,0,1019.4,47.0518,21.9387
"03/31/2014",3,19,70.27,22.3,0,0.2,1012.4,47.0518,21.9387
"04/01/2014",6,18,64.01,22.3,0,2.4,1010.6,47.0518,21.9387
"04/02/2014",6,18,63.99,11.2,0,0.3,1013,47.0518,21.9387
"04/03/2014",3,20,72.13,29.5,0,4.6,1011.1,47.0518,21.9387
"04/04/2014",9,19,70.47,18.4,0,18.8,1009.4,47.0518,21.9387
"04/05/2014",10,19,80.01,22.3,0.29,19,1010.2,47.0518,21.9387
"04/06/2014",9,13,94.33,14.8,1.56,89.9,1017.3,47.0518,21.9387
"04/07/2014",7.1,17,80.47,14.8,2.73,40.9,1019.1,47.0518,21.9387
"04/08/2014",4,20,76.13,14.8,0,2.9,1017.1,47.0518,21.9387
"04/09/2014",6,13,95.43,35.3,10.37,52,1014.5,47.0518,21.9387
"04/10/2014",1,14,83.82,18.4,1.46,13.3,1015.7,47.0518,21.9387
"04/11/2014",4,12,87.55,22.3,0.25,39.7,1016.4,47.0518,21.9387
"04/12/2014",4.1,13,86.03,18.4,0.06,45.5,1016.9,47.0518,21.9387
"04/13/2014",2.1,16,80.29,14.8,0,22.5,1015.7,47.0518,21.9387
"04/14/2014",8,16,85.97,29.5,1.54,50.5,1011.7,47.0518,21.9387
"04/15/2014",3.9,12,84.38,22.3,4.2,43.6,1011.7,47.0518,21.9387
"04/16/2014",3.9,13,74.77,22.3,0.11,17,1016.3,47.0518,21.9387
"04/17/2014",7,19,72.38,29.5,1.46,31.7,1014.8,47.0518,21.9387
"04/18/2014",8,22,69.84,14.9,0,28,1007.7,47.0518,21.9387
"04/19/2014",13,19,58.31,31.3,0.37,29.6,1004.8,47.0518,21.9387
"04/20/2014",9,15,83.13,18.4,0.13,46.1,1010,47.0518,21.9387
"04/21/2014",8,22,75.15,14.8,0.38,31.6,1011.1,47.0518,21.9387
"04/22/2014",10,18,90.66,22.3,1.46,15,1012.1,47.0518,21.9387
"04/23/2014",10.1,22,83.08,11.2,0,17.2,1016.3,47.0518,21.9387
"04/24/2014",11,20,88,14.8,0.07,26.5,1013.2,47.0518,21.9387
"04/25/2014",14,19,89.06,11.2,0.15,36.3,1012.9,47.0518,21.9387
"04/26/2014",13,20,87.38,11.2,0.28,12.7,1012.9,47.0518,21.9387
"04/27/2014",12,22,77.44,11.2,0,14.9,1009.4,47.0518,21.9387
"04/28/2014",10,23,72.25,14.8,0,13.7,1005.3,47.0518,21.9387
"04/29/2014",11,20,84.4,22.3,7.82,41.6,1005.7,47.0518,21.9387
"04/30/2014",11,19,86.79,11.2,0.22,6.2,1006.3,47.0518,21.9387
"05/01/2014",10.2,21,80.97,14.8,1.94,39.2,1007.9,47.0518,21.9387
"05/02/2014",9.8,21,82.41,18.4,1.27,23.8,1009.1,47.0518,21.9387
"05/03/2014",9,22,75.97,14.8,0.38,34.3,1008.7,47.0518,21.9387
"05/04/2014",9,14,85.13,35.3,0.36,39.9,1007.4,47.0518,21.9387
"05/05/2014",6,16,56.63,29.5,0,16.8,1015.2,47.0518,21.9387
"05/06/2014",2,19,67.17,11.2,0,0.2,1021,47.0518,21.9387
"05/07/2014",7,23.1,70.49,25.9,0,7.7,1017.9,47.0518,21.9387
"05/08/2014",12,17,86.77,25.9,1.02,44.3,1016.1,47.0518,21.9387
"05/09/2014",8,24,71.85,18.3,0.25,9.2,1016.3,47.0518,21.9387
"05/10/2014",9,24,72.61,31.3,0,13.2,1012.5,47.0518,21.9387
"05/11/2014",8,26,63.92,25.9,0,4,1009.5,47.0518,21.9387
"05/12/2014",9,21,87.08,31.6,6,52.3,1009.1,47.0518,21.9387
"05/13/2014",5.5,19,75.59,18.4,0,9.6,1013.5,47.0518,21.9387
"05/14/2014",11.2,16,93.22,31.3,2.17,17.8,1008.4,47.0518,21.9387
"05/15/2014",11,16,96.44,42.5,7.83,33.4,1002.1,47.0518,21.9387
"05/16/2014",10,16,93.76,18.4,3.09,47.2,1007.5,47.0518,21.9387
"05/17/2014",8,17,94.72,18.4,10.7,22.1,1012.1,47.0518,21.9387
"05/18/2014",11,19,85.98,22.3,4.56,59.5,1016.7,47.0518,21.9387
"05/19/2014",9,23,70.7,11.2,0,5.3,1018.1,47.0518,21.9387
"05/20/2014",9,26,63.12,11.2,0,0.1,1017.6,47.0518,21.9387
"05/21/2014",12,27,61.76,11.2,0,0.1,1019.4,47.0518,21.9387
"05/22/2014",13,29,62.27,14.8,0,0.1,1017.5,47.0518,21.9387
"05/23/2014",13,29,56.54,14.8,0,0,1014.7,47.0518,21.9387
"05/24/2014",16,29,57.69,14.8,0,7,1013,47.0518,21.9387
"05/25/2014",15,28,69.7,18.4,5.62,16.9,1016,47.0518,21.9387
"05/26/2014",15,28,76.16,18.4,2.46,20,1013.5,47.0518,21.9387
"05/27/2014",15,23,82.39,25.9,2.2,28.2,1009.4,47.0518,21.9387
"05/28/2014",15,24,68.52,22.3,0.57,19.6,1008.2,47.0518,21.9387
"05/29/2014",11,23,70.28,22.3,0,22.2,1008.6,47.0518,21.9387
"05/30/2014",11,21,71.14,29.5,0,38,1010.2,47.0518,21.9387
"05/31/2014",10,16.1,72.2,22.3,0.04,69.7,1012.9,47.0518,21.9387
"06/01/2014",11,19,74.43,25.9,0.49,60.1,1012.5,47.0518,21.9387
"06/02/2014",12,19,69.19,18.4,0.28,50.7,1014.3,47.0518,21.9387
"06/03/2014",9,22,65.71,14.8,0,12.8,1015,47.0518,21.9387
"06/04/2014",11,24,61.99,14.8,0,14.2,1012.2,47.0518,21.9387
"06/05/2014",10,27,58.23,14.8,0,1.1,1013.3,47.0518,21.9387
"06/06/2014",11,29,55.65,18.4,0,0.1,1016,47.0518,21.9387
"06/07/2014",14,30,54.24,22.3,0,1,1016.9,47.0518,21.9387
"06/08/2014",16,32,50.68,18.4,0,0.2,1018.8,47.0518,21.9387
"06/09/2014",14,32.1,50.7,18.4,0,0.1,1019.1,47.0518,21.9387
"06/10/2014",16,34,48.39,25.8,0,3.7,1017.5,47.0518,21.9387
"06/11/2014",22,31,43.67,25.9,0,16.4,1017.2,47.0518,21.9387
"06/12/2014",15,30,45.43,22.3,0,5.2,1017.7,47.0518,21.9387
"06/13/2014",18,27,49.63,22.3,0,9.1,1013.3,47.0518,21.9387
"06/14/2014",13,23,52.15,18.4,0,7.1,1011.3,47.0518,21.9387
"06/15/2014",11,24,52.33,22.3,0,3.7,1014.6,47.0518,21.9387
"06/16/2014",12,25,50.31,22.3,0,0.4,1015.7,47.0518,21.9387
"06/17/2014",14,23,59.14,18.3,0.26,34.1,1014.4,47.0518,21.9387
"06/18/2014",10,26,54.06,25.9,0,3.8,1014.8,47.0518,21.9387
"06/19/2014",11,27,48.81,18.4,0,7.5,1011.8,47.0518,21.9387
"06/20/2014",15,25,60.82,35.3,5.07,16,1008.1,47.0518,21.9387
"06/21/2014",13,22,59.81,25.9,0.18,40.4,1012.9,47.0518,21.9387
"06/22/2014",10,24,48.53,25.9,0,14.3,1016.8,47.0518,21.9387
"06/23/2014",13,29,50.06,25.9,0,10.1,1017.3,47.0518,21.9387
"06/24/2014",15,23,76.43,14.8,5.95,47.1,1013.9,47.0518,21.9387
"06/25/2014",16,20,87.36,11.2,6.35,66.1,1010,47.0518,21.9387
"06/26/2014",15,22,70.57,31.3,0.37,48.3,1009.8,47.0518,21.9387
"06/27/2014",12,24,56.96,14.8,0,3.4,1016.9,47.0518,21.9387
"06/28/2014",10,28,54.6,11.2,0,0.2,1018.9,47.0518,21.9387
"06/29/2014",15,30,54.59,31.3,0,0.3,1013.4,47.0518,21.9387
"06/30/2014",17,30,56.13,46.4,16.1,11.8,1007.8,47.0518,21.9387
"07/01/2014",14.9,23,77.1,18.4,13.23,66.2,1015,47.0518,21.9387
"07/02/2014",13,28,59.93,14.6,0,13,1020.5,47.0518,21.9387
"07/03/2014",13,22.1,74.6,29.2,8.3,37.7,1020.6,47.0518,21.9387
"07/04/2014",10,26,61.37,14.8,0,1.3,1022.2,47.0518,21.9387
"07/05/2014",13,30,55.56,14.8,0.16,10.1,1014.2,47.0518,21.9387
"07/06/2014",17,31,59.41,11.2,0,32.1,1013.2,47.0518,21.9387
"07/07/2014",18,32,58.53,11.2,0,14.2,1014.8,47.0518,21.9387
"07/08/2014",19,33,68.94,38.9,7.38,18.7,1010.7,47.0518,21.9387
"07/09/2014",17,26,80.52,35.2,10.04,45.6,1005.5,47.0518,21.9387
"07/10/2014",16,27,69.66,14.8,0.05,43.9,1005.9,47.0518,21.9387
"07/11/2014",15.9,19,91.83,25.9,27.11,86.3,1002.5,47.0518,21.9387
"07/12/2014",14,22,84.38,22.3,0.29,63.2,1004.4,47.0518,21.9387
"07/13/2014",15,28,70.22,22.3,0.72,17.3,1011.6,47.0518,21.9387
"07/14/2014",16,28.9,72.78,22.3,3.05,25.2,1013,47.0518,21.9387
"07/15/2014",16,30,65.55,18.4,0,20.9,1014.3,47.0518,21.9387
"07/16/2014",16,31,58.75,22.3,1.28,13.9,1015,47.0518,21.9387
"07/17/2014",16,27.9,68.98,25.9,0.19,24.4,1015.6,47.0518,21.9387
"07/18/2014",18,30,73.29,25.9,6.28,27.8,1015.1,47.0518,21.9387
"07/19/2014",16,31,65.05,18.4,0,8.8,1015.4,47.0518,21.9387
"07/20/2014",17,32,57.48,14.8,0,3.6,1014.4,47.0518,21.9387
"07/21/2014",16,33,55.61,22.3,0,11.1,1009.7,47.0518,21.9387
"07/22/2014",20,23,83.25,25.9,9.2,39.3,1008.7,47.0518,21.9387
"07/23/2014",18,22,92.44,11.2,16.51,80.8,1007.2,47.0518,21.9387
"07/24/2014",18,26.1,81.34,14.8,13.59,79.9,1009,47.0518,21.9387
"07/25/2014",17,29,70.84,11.2,0,19.9,1012.3,47.0518,21.9387
"07/26/2014",17,29,75.1,14.8,2.02,15.6,1013.4,47.0518,21.9387
"07/27/2014",19,28,72.82,18.4,0.06,28.9,1013,47.0518,21.9387
"07/28/2014",19,28.9,71.2,18,0.5,30.9,1012.1,47.0518,21.9387
"07/29/2014",19,26,81.24,25.9,10.47,48.9,1010.7,47.0518,21.9387
"07/30/2014",18,30,72.32,11.2,1.37,16.4,1009.2,47.0518,21.9387
"07/31/2014",19,28,77.84,25.9,1.25,39.6,1008.8,47.0518,21.9387
"08/01/2014",17,31,71.9,22.3,0,19.7,1009.4,47.0518,21.9387
"08/02/2014",18,33,63.3,18.4,0,18.8,1010.7,47.0518,21.9387
"08/03/2014",18,32,66.93,11.2,0.06,17.9,1012.1,47.0518,21.9387
"08/04/2014",19,30,73.03,14.8,0.15,38.5,1012.7,47.0518,21.9387
"08/05/2014",18,31,66.54,22.3,0.05,48.2,1011.6,47.0518,21.9387
"08/06/2014",17,26,76.73,18.3,0.27,42.8,1010.4,47.0518,21.9387
"08/07/2014",17,27,77.97,14.8,0.84,30.2,1011.5,47.0518,21.9387
"08/08/2014",17,26,86.83,18.4,12.38,42.7,1013.8,47.0518,21.9387
"08/09/2014",15,28,76.03,11.2,0.6,12.4,1015.3,47.0518,21.9387
"08/10/2014",18,30,67.58,11.2,0,1.9,1015.1,47.0518,21.9387
"08/11/2014",17,31,67.88,14.8,0,10.9,1012.7,47.0518,21.9387
"08/12/2014",21,29,73.67,22.3,0,17.2,1012.2,47.0518,21.9387
"08/13/2014",19,33,69.35,22.4,0,14.5,1010.6,47.0518,21.9387
"08/14/2014",17,31,64.48,35.1,0.64,18,1008.7,47.0518,21.9387
"08/15/2014",15,24,80.15,14.8,17.63,50,1012.8,47.0518,21.9387
"08/16/2014",15,24,74.12,25.9,0.18,27.2,1013.1,47.0518,21.9387
"08/17/2014",11,24,71.47,18.4,0,23.9,1014.7,47.0518,21.9387
"08/18/2014",11,25,67.09,14.8,0,7.7,1014.8,47.0518,21.9387
"08/19/2014",13,27.9,64.46,22.1,0,13.7,1013.9,47.0518,21.9387
"08/20/2014",16,29,67.12,18.4,0,34.1,1013.9,47.0518,21.9387
"08/21/2014",14.6,22,90.81,25.8,15.48,34.3,1014,47.0518,21.9387
"08/22/2014",11,24,69.9,14.6,0,9.5,1017.9,47.0518,21.9387
"08/23/2014",12,26,72.5,11.2,2.16,23.5,1015,47.0518,21.9387
"08/24/2014",15,22,84.38,29.5,11.19,67.1,1010.9,47.0518,21.9387
"08/25/2014",11,21,69.07,14.8,0,30.4,1018.6,47.0518,21.9387
"08/26/2014",10,24,75.36,25.9,0,23.1,1013,47.0518,21.9387
"08/27/2014",15,24,83.18,25.8,9.73,68,1009,47.0518,21.9387
"08/28/2014",8,22,71.95,18.4,0,19.7,1018.1,47.0518,21.9387
"08/29/2014",9,24,68.63,14.8,0,2.2,1020.3,47.0518,21.9387
"08/30/2014",11,27,66.62,14.8,0,7.7,1018.8,47.0518,21.9387
"08/31/2014",13,28,69.3,14.8,0,10.9,1014.6,47.0518,21.9387
"09/01/2014",16,29,62.4,11.2,0,18.2,1008.9,47.0518,21.9387
"09/02/2014",15,29,56.83,18.2,0,20.6,1009.3,47.0518,21.9387
"09/03/2014",20,27,53.06,25.9,0.13,35.7,1011.7,47.0518,21.9387
"09/04/2014",19,28,52.76,18.4,0,44.4,1014.7,47.0518,21.9387
"09/05/2014",19,23,58.65,18.1,0.13,49.9,1015.3,47.0518,21.9387
"09/06/2014",16,24,69.57,18.4,0.03,51.7,1013.9,47.0518,21.9387
"09/07/2014",15,26,75.29,14.8,7.35,49.4,1014,47.0518,21.9387
"09/08/2014",14,27,71.54,11.2,0,39.9,1015.6,47.0518,21.9387
"09/09/2014",14,28,66.68,14.8,0.04,3,1015.5,47.0518,21.9387
"09/10/2014",14,26,73.24,22.3,0.38,22.9,1013.6,47.0518,21.9387
"09/11/2014",15.9,27,73.22,22.2,8.06,40.9,1011.5,47.0518,21.9387
"09/12/2014",16,25,70.13,29.4,0.94,25.5,1013.8,47.0518,21.9387
"09/13/2014",16,21,79.67,22.3,0.97,33.4,1015.8,47.0518,21.9387
"09/14/2014",17,21,88.66,14.8,2.11,33.5,1015.9,47.0518,21.9387
"09/15/2014",15,22,83.94,22.3,3.53,41.7,1016.5,47.0518,21.9387
"09/16/2014",14,22,82.46,11.2,0.46,39.8,1018.3,47.0518,21.9387
"09/17/2014",13,22,78.15,14.8,0,54.9,1019.6,47.0518,21.9387
"09/18/2014",10,25,67.12,11.2,0,4.2,1020.9,47.0518,21.9387
"09/19/2014",10,24,62.49,18.4,0,12.3,1020.9,47.0518,21.9387
"09/20/2014",16,22,70.34,25.9,1.44,76.8,1016.5,47.0518,21.9387
"09/21/2014",17,23,88.66,25.9,7.35,68.5,1012,47.0518,21.9387
"09/22/2014",13,18,85.89,25.9,8.64,55.1,1008.2,47.0518,21.9387
"09/23/2014",10,16,77.09,25.9,1.47,56.7,1011.4,47.0518,21.9387
"09/24/2014",7,16,62.03,14.8,0.63,31.3,1019.4,47.0518,21.9387
"09/25/2014",4,17,71.11,11.2,0,23.1,1017.1,47.0518,21.9387
"09/26/2014",10.9,17,76.75,14.8,3.24,57.9,1018.3,47.0518,21.9387
"09/27/2014",8,19,71.74,18.3,0.09,43.8,1023.2,47.0518,21.9387
"09/28/2014",8.9,20,67.56,18.4,0,13,1028,47.0518,21.9387
"09/29/2014",6,22,70.12,14.8,0,5.5,1029.5,47.0518,21.9387
"09/30/2014",7,23,69.87,11.2,0,8.3,1026.1,47.0518,21.9387
"10/01/2014",9,23,67.39,18.2,0,25.3,1024.4,47.0518,21.9387
"10/02/2014",14,19,83.84,11.3,9.3,45.9,1024.9,47.0518,21.9387
"10/03/2014",13,14,91.52,22.2,10.35,89.8,1025.7,47.0518,21.9387
"10/04/2014",12,16,87.86,11.2,6.89,78.2,1023.5,47.0518,21.9387
"10/05/2014",11,17,86.33,7.6,0.13,64.8,1021.2,47.0518,21.9387
"10/06/2014",7,20,71.2,11.2,0.03,7,1020.9,47.0518,21.9387
"10/07/2014",8,19,72.49,11.3,0,30.6,1021.1,47.0518,21.9387
"10/08/2014",8,22,72.65,14.8,0.03,5.3,1022.4,47.0518,21.9387
"10/09/2014",11,24,68.42,18.4,0,2.3,1020.4,47.0518,21.9387
"10/10/2014",10,25,71.25,22.3,0,0,1019.8,47.0518,21.9387
"10/11/2014",12,26,70.84,14.8,0,0.4,1018.2,47.0518,21.9387
"10/12/2014",11,25,72.47,11.2,0,0.1,1016.7,47.0518,21.9387
"10/13/2014",12,26,72.82,14.8,0,0,1014.9,47.0518,21.9387
"10/14/2014",14,26,67.54,31.3,0,14.2,1011.7,47.0518,21.9387
"10/15/2014",13,19,88.37,25.9,9.71,37,1010.7,47.0518,21.9387
"10/16/2014",13,18,89.42,18.4,0.03,74.6,1010.5,47.0518,21.9387
"10/17/2014",12.9,17,90.93,25.9,9.75,85.9,1011.8,47.0518,21.9387
"10/18/2014",9,17,88.19,14.8,0.29,38.5,1022.5,47.0518,21.9387
"10/19/2014",7,18,83.71,11.2,0,3.7,1027.7,47.0518,21.9387
"10/20/2014",7,20,78.9,29.6,0,9.7,1019.6,47.0518,21.9387
"10/21/2014",9,17,82.47,22.3,1.1,43.5,1011.9,47.0518,21.9387
"10/22/2014",8,13.9,92.88,25.8,8.57,80.9,1002.7,47.0518,21.9387
"10/23/2014",7.9,11,90.68,25.9,9.08,78.7,1005.3,47.0518,21.9387
"10/24/2014",7,10.9,90.44,29.6,8.96,83.2,1014.5,47.0518,21.9387
"10/25/2014",2,12,89.62,14.8,0,55.9,1024.1,47.0518,21.9387
"10/26/2014",2,10,83.21,11.2,0,53,1029.7,47.0518,21.9387
"10/27/2014",-1,12,82.99,11.2,0,4.2,1031.4,47.0518,21.9387
"10/28/2014",-1,11.1,83.16,11.2,0,5.4,1028,47.0518,21.9387
"10/29/2014",2,11,80.46,11.2,0,37.4,1024.1,47.0518,21.9387
"10/30/2014",0,12,81.21,18.4,0,4.8,1025.3,47.0518,21.9387
"10/31/2014",-0.1,11,84.13,14.5,0,23.6,1027.3,47.0518,21.9387
"11/01/2014",4,9,80.36,7.6,0,87.7,1027.6,47.0518,21.9387
"11/02/2014",4,12,80.79,11.2,0,35.6,1025.8,47.0518,21.9387
"11/03/2014",1.9,15,79.2,11.2,0,0,1022,47.0518,21.9387
"11/04/2014",3,16,71.84,29.5,0,0,1016.6,47.0518,21.9387
"11/05/2014",6,20,60.15,25.9,0,0,1014.1,47.0518,21.9387
"11/06/2014",9,22,64.21,22.4,0,12.6,1016.3,47.0518,21.9387
"11/07/2014",10,23,65.76,25.9,0,27.9,1015.2,47.0518,21.9387
"11/08/2014",9.9,20,75.72,11.2,0.57,22,1014.8,47.0518,21.9387
"11/09/2014",10,18,82.48,18.4,0,33.8,1016.2,47.0518,21.9387
"11/10/2014",6,17,84.93,11.2,0,5.5,1020.1,47.0518,21.9387
"11/11/2014",7,20,75.24,14.8,0,16.2,1019.4,47.0518,21.9387
"11/12/2014",7,17,74.75,11.2,0,27.3,1014.2,47.0518,21.9387
"11/13/2014",6,17,77.85,11.2,0,17.6,1012.4,47.0518,21.9387
"11/14/2014",6,15,84.78,11.2,0,39.4,1016.7,47.0518,21.9387
"11/15/2014",5,14,88,11.2,0,10.2,1016.8,47.0518,21.9387
"11/16/2014",4,15.9,83.23,11.2,2.08,56.2,1012.8,47.0518,21.9387
"11/17/2014",9,11,92.82,14.8,4.25,95,1012.6,47.0518,21.9387
"11/18/2014",6,11,87.46,14.9,0.98,33.3,1013.3,47.0518,21.9387
"11/19/2014",7,12,88.4,11.2,4.08,77.5,1015,47.0518,21.9387
"11/20/2014",4,9,82.35,22.3,0.38,67.4,1021,47.0518,21.9387
"11/21/2014",2,7,73.82,18.4,0,77.9,1024.8,47.0518,21.9387
"11/22/2014",3,6,79.64,7.6,0,81.6,1027.6,47.0518,21.9387
"11/23/2014",3,7,77.55,11.2,0,94.4,1030.4,47.0518,21.9387
"11/24/2014",-2,8,82.42,14.6,0,2.9,1029.6,47.0518,21.9387
"11/25/2014",-2,5,85.09,14.8,0.1,41.6,1029.5,47.0518,21.9387
"11/26/2014",-2,2,93.38,11.2,0,81.2,1026.5,47.0518,21.9387
"11/27/2014",-4,0,95.04,11.2,0,79.2,1023.5,47.0518,21.9387
"11/28/2014",-1,3,93.6,7.6,5.05,96,1021.3,47.0518,21.9387
"11/29/2014",3,5,94.96,11.2,18.93,90.1,1020.6,47.0518,21.9387
"11/30/2014",3,4,96.05,11.2,4.17,95.9,1019.8,47.0518,21.9387
"12/01/2014",3.9,6,93.1,11.2,13.1,81.8,1016.7,47.0518,21.9387
"12/02/2014",3.9,6,90.28,11.2,10.3,90.9,1014.8,47.0518,21.9387
"12/03/2014",4,9,78.48,11.2,0,45.1,1020.6,47.0518,21.9387
"12/04/2014",1,10,85.07,11.2,0,8.2,1022.4,47.0518,21.9387
"12/05/2014",0,9,87.76,11.2,0,19.5,1021.5,47.0518,21.9387
"12/06/2014",4.9,10,87.27,11.2,0,46,1018.6,47.0518,21.9387
"12/07/2014",4,7,95.02,11.2,7.15,90.7,1016.7,47.0518,21.9387
"12/08/2014",4,7,91,14.8,9.47,94.1,1016.5,47.0518,21.9387
"12/09/2014",2.9,4,88.52,29.5,6.14,92.4,1018.3,47.0518,21.9387
"12/10/2014",2,4,86.91,25.9,6.31,81,1020.9,47.0518,21.9387
"12/11/2014",1,3,90.21,22.3,2.53,67.6,1020.4,47.0518,21.9387
"12/12/2014",0,6,85.21,29.5,0,22.9,1021.5,47.0518,21.9387
"12/13/2014",0,10.9,62.68,29.5,0,20.5,1021,47.0518,21.9387
"12/14/2014",8,10,58.25,22.4,0.02,91.4,1022.6,47.0518,21.9387
"12/15/2014",5,11,66.44,18.4,0,47.1,1023,47.0518,21.9387
"12/16/2014",3,11,78.47,11.2,0,31.6,1018.6,47.0518,21.9387
"12/17/2014",6,8,91.56,22.3,10.2,92.5,1012.2,47.0518,21.9387
"12/18/2014",1,7,90.57,18.4,0,76.6,1017.7,47.0518,21.9387
"12/19/2014",5,9,77.44,31.7,0,70.4,1019.7,47.0518,21.9387
"12/20/2014",4,10.9,73.94,29.5,0.88,40.9,1018.9,47.0518,21.9387
"12/21/2014",1,7,82.76,38.9,9.68,43.6,1022.9,47.0518,21.9387
"12/22/2014",0.9,6,80.23,38.9,1.15,59.4,1023.7,47.0518,21.9387
"12/23/2014",5,9,76.78,35.3,0,33.3,1019.5,47.0518,21.9387
"12/24/2014",3,10,79.84,31.7,0,7.1,1020.9,47.0518,21.9387
"12/25/2014",3,8,82.58,29.6,0,29.6,1020.1,47.0518,21.9387
"12/26/2014",-2,4,89.9,22.1,0,50.2,1020.1,47.0518,21.9387
"12/27/2014",-4,0,81.94,18.4,0,60.9,1015.7,47.0518,21.9387
"12/28/2014",-4,1,80.3,29.6,0.37,39.7,1009.6,47.0518,21.9387
"12/29/2014",-5,-1,65.23,35.3,0,32.6,1018.2,47.0518,21.9387
"12/30/2014",-9,-4,60.12,25.9,0,36.5,1029.7,47.0518,21.9387
"12/31/2014",-12,-2,71.55,14.8,0,3.8,1036.4,47.0518,21.9387
"01/01/2015",-10,-4,68.16,14.8,0,66.3,1037.1,47.0518,21.9387
"01/02/2015",-5.1,-1,72.15,25.9,0,97.5,1032.4,47.0518,21.9387
"01/03/2015",-2,3,87.06,25.9,3.9,55.5,1025,47.0518,21.9387
"01/04/2015",-4,1,90.91,22.3,2.56,72.1,1015.3,47.0518,21.9387
"01/05/2015",-9,0,82.93,18.4,0.13,36,1021.3,47.0518,21.9387
"01/06/2015",-9,-1,74.04,31.5,0.05,26.9,1024.1,47.0518,21.9387
"01/07/2015",-16,-8,72.42,14.8,0,14.7,1035.3,47.0518,21.9387
"01/08/2015",-10,-2,67.59,11.2,0,92.9,1036.7,47.0518,21.9387
"01/09/2015",-2.1,3,75.63,39,0.97,65.6,1025.6,47.0518,21.9387
"01/10/2015",2,8,88.83,35.3,5.26,92.5,1010.2,47.0518,21.9387
"01/11/2015",0.9,7,86.08,35.3,9.37,59.1,1010.8,47.0518,21.9387
"01/12/2015",-1,5,82.93,25.9,0.11,37.7,1021.7,47.0518,21.9387
"01/13/2015",1,8,70.31,35.3,0.03,4.1,1025.2,47.0518,21.9387
"01/14/2015",-2,9,69.84,18.4,0,17.6,1019.6,47.0518,21.9387
"01/15/2015",-1,6,82.81,18.3,0.65,51.2,1020.5,47.0518,21.9387
"01/16/2015",-1,12.9,62.68,18.4,0,14.6,1021.2,47.0518,21.9387
"01/17/2015",1,14,55.54,25.9,0,20.2,1018.1,47.0518,21.9387
"01/18/2015",6,10,80.68,22.3,2.89,93.1,1018.4,47.0518,21.9387
"01/19/2015",6,8,94.49,18.4,9.83,96.5,1013.9,47.0518,21.9387
"01/20/2015",4.9,8.9,90.01,18.4,0.67,81.1,1014.5,47.0518,21.9387
"01/21/2015",5,11.9,83.73,22.3,0.64,54.4,1014.3,47.0518,21.9387
"01/22/2015",4,12,87.73,14.8,0.03,65.5,1015.8,47.0518,21.9387
"01/23/2015",3.9,9,85.09,22.3,2.8,58.7,1012,47.0518,21.9387
"01/24/2015",4,7,88.1,25.9,3.67,74.2,1008.9,47.0518,21.9387
"01/25/2015",1,5,93.85,14.8,4.5,96,1014.6,47.0518,21.9387
"01/26/2015",-2,3,83.89,18.4,0.52,68.9,1022.4,47.0518,21.9387
"01/27/2015",-2,2,94.21,11,1.76,75.2,1018.2,47.0518,21.9387
"01/28/2015",0,3,87.92,14.8,0,62.3,1016.2,47.0518,21.9387
"01/29/2015",-1,3,86.7,22.2,0,85.1,1006.2,47.0518,21.9387
"01/30/2015",3,11,62.42,38.9,0.44,54.5,985.5,47.0518,21.9387
"01/31/2015",0,10,76.75,49.9,2.21,53.3,985.3,47.0518,21.9387
"02/01/2015",-2.1,3.9,76.18,14.6,0,25.6,992.7,47.0518,21.9387
"02/02/2015",-2,0,94.83,22.3,8.27,82.7,997.7,47.0518,21.9387
"02/03/2015",-4,2,90.05,22.3,0,48.7,1007,47.0518,21.9387
"02/04/2015",-1.1,4,81.31,14.8,2.53,69.7,1009.4,47.0518,21.9387
"02/05/2015",0,5,86.5,22.3,0.06,56.2,1016.3,47.0518,21.9387
"02/06/2015",0.9,8,68.06,29.5,0.51,53.1,1014.9,47.0518,21.9387
"02/07/2015",-2,3,73.97,22.3,2.17,78.8,1021.2,47.0518,21.9387
"02/08/2015",-3,-1,87.21,31.7,4.3,58.3,1009.5,47.0518,21.9387
"02/09/2015",-10,0,78.17,25.9,0.09,26.2,1016.3,47.0518,21.9387
"02/10/2015",-3.1,1,83.84,18.4,0.68,80.2,1021.1,47.0518,21.9387
"02/11/2015",-4,4.9,83.29,16.6,0,25.3,1026.5,47.0518,21.9387
"02/12/2015",-6,4,76.03,11.2,0,0,1030.3,47.0518,21.9387
"02/13/2015",-5,7,75.25,11.2,0,0,1027.9,47.0518,21.9387
"02/14/2015",-2.8,11,68.3,13,0,0,1021.7,47.0518,21.9387
"02/15/2015",-2,10,70,13,0,0,1020.1,47.0518,21.9387
"02/16/2015",-3,8,72.74,20.5,0,0,1024.8,47.0518,21.9387
"02/17/2015",-2,5,48.69,23.9,0,24.9,1035.5,47.0518,21.9387
"02/18/2015",-7,5,58.54,13,0,0,1040,47.0518,21.9387
"02/19/2015",-6,2,76.24,18.4,0,28.2,1034.1,47.0518,21.9387
"02/20/2015",-1.6,7,76.68,11,0,10.9,1025.8,47.0518,21.9387
"02/21/2015",-3.5,12,70.25,31.4,0,19.1,1014.4,47.0518,21.9387
"02/22/2015",0,13,65.5,16.6,0,48.9,1009.3,47.0518,21.9387
"02/23/2015",5,10,87.92,14.8,1.07,77.2,1008,47.0518,21.9387
"02/24/2015",5.9,15,75.21,14.8,0,41,1006,47.0518,21.9387
"02/25/2015",6,10,87.8,9.4,4.12,71.8,1008.6,47.0518,21.9387
"02/26/2015",6,9,91.96,20.5,0.35,92,1016,47.0518,21.9387
"02/27/2015",5,10,83.17,18.3,0.16,66.9,1016.2,47.0518,21.9387
"02/28/2015",5.9,11,78.79,13,0,51.8,1016.6,47.0518,21.9387
"03/01/2015",5.9,8,93.45,18.3,5.27,92.7,1016.5,47.0518,21.9387
"03/02/2015",5,12,80.61,33.5,7.44,71.3,1010.4,47.0518,21.9387
"03/03/2015",-1,8,74.47,37.1,4.22,41.4,1018.6,47.0518,21.9387
"03/04/2015",-1,10.9,59.76,31.7,0,22.3,1024.7,47.0518,21.9387
"03/05/2015",3,6,53.09,22.4,0,37.5,1025.5,47.0518,21.9387
"03/06/2015",1,7,65.6,25.9,0.03,46.8,1029.3,47.0518,21.9387
"03/07/2015",-2,10,56.37,20.5,0,1.3,1033.9,47.0518,21.9387
"03/08/2015",-3,11,58.73,18.2,0,5.7,1033.5,47.0518,21.9387
"03/09/2015",-3,13,59.52,13,0,0,1029.9,47.0518,21.9387
"03/10/2015",-1,13,64.52,20.5,0,17.2,1025.8,47.0518,21.9387
"03/11/2015",4,13,64.49,18.4,0,46.5,1017.9,47.0518,21.9387
"03/12/2015",4.9,9,76.24,27.7,1.93,72.5,1016.1,47.0518,21.9387
"03/13/2015",3,11,79.25,14.8,0.12,56.1,1017.3,47.0518,21.9387
"03/14/2015",1.9,7,81.5,13,0.7,49.7,1022.6,47.0518,21.9387
"03/15/2015",1,12,80.9,14.8,0.18,58.3,1031.7,47.0518,21.9387
"03/16/2015",5,17,58.78,13,0,37.1,1034.2,47.0518,21.9387
"03/17/2015",1,16,54.33,24,0,3.1,1032.6,47.0518,21.9387
"03/18/2015",3,11,36.81,22.4,0,24.1,1027.6,47.0518,21.9387
"03/19/2015",0,9.9,55.58,24.1,0.06,19.1,1024.5,47.0518,21.9387
"03/20/2015",-3,11,64.22,14.6,0,1.7,1025.5,47.0518,21.9387
"03/21/2015",-3,13,56.91,22.3,0,0,1020.1,47.0518,21.9387
"03/22/2015",1,14,51.7,24.1,0,31.2,1017.6,47.0518,21.9387
"03/23/2015",0,13,52.84,18.4,0,1.1,1019.8,47.0518,21.9387
"03/24/2015",-1,17,59.16,16.6,0,0,1017.4,47.0518,21.9387
"03/25/2015",6,19,55.28,14.8,0,47.8,1013.3,47.0518,21.9387
"03/26/2015",9,21.9,55.09,22.3,0,44.9,1010.6,47.0518,21.9387
"03/27/2015",8,20,59.18,16.6,0.06,31.5,1006.2,47.0518,21.9387
"03/28/2015",6.9,13,72.8,31.6,3.28,93.1,1010.4,47.0518,21.9387
"03/29/2015",5,12,62.57,22.3,0.03,53.1,1010,47.0518,21.9387
"03/30/2015",7,13,67.86,35.3,6.33,58.7,1003.3,47.0518,21.9387
"03/31/2015",0,10.9,72.99,44.4,0.1,35.2,1006.3,47.0518,21.9387
"04/01/2015",4,11,62,48.1,1.34,44.6,1006.8,47.0518,21.9387
"04/02/2015",-1,9,68.01,38.9,1.69,65.4,1010.9,47.0518,21.9387
"04/03/2015",0,10,65.04,31.7,3.81,33.5,1012.8,47.0518,21.9387
"04/04/2015",-2,11,65.03,20.5,0.62,40.6,1014.5,47.0518,21.9387
"04/05/2015",2,10.9,57.57,24.1,0,44.9,1014.6,47.0518,21.9387
"04/06/2015",1,9,60.9,24.2,0.14,51.7,1016.6,47.0518,21.9387
"04/07/2015",3,10,49.63,35.3,0,46.2,1022,47.0518,21.9387
"04/08/2015",0,10,67.66,18.4,0.19,58.8,1023.9,47.0518,21.9387
"04/09/2015",3,16,48.25,25.9,0,39.1,1027.6,47.0518,21.9387
"04/10/2015",0,18,41.36,14.8,0,8.5,1028.5,47.0518,21.9387
"04/11/2015",2,22,44.94,18.4,0,8.7,1023.7,47.0518,21.9387
"04/12/2015",7,23,47.69,16.3,0,37,1024.2,47.0518,21.9387
"04/13/2015",6,22,55.28,24.1,0,20.4,1023.7,47.0518,21.9387
"04/14/2015",5,14,40.36,22,0,36.9,1024.4,47.0518,21.9387
"04/15/2015",3,22,52.41,27.7,0,35.9,1020.1,47.0518,21.9387
"04/16/2015",14,26,41.44,33.4,0,37.4,1013.6,47.0518,21.9387
"04/17/2015",12,23,51.68,40.7,0.74,51.7,1010,47.0518,21.9387
"04/18/2015",5,12,65.52,29.5,10.87,54.7,1013.2,47.0518,21.9387
"04/19/2015",-1,11.9,63.86,16.3,0.15,20.2,1020.9,47.0518,21.9387
"04/20/2015",1,15,57.26,22.3,0.12,43.2,1015.9,47.0518,21.9387
"04/21/2015",1,14,56.73,20.5,0.03,42.4,1018.7,47.0518,21.9387
"04/22/2015",5,15,48.98,25.9,0.03,29.1,1020.3,47.0518,21.9387
"04/23/2015",2,20,51.16,14.8,0,2.5,1020.2,47.0518,21.9387
"04/24/2015",5,23,50.44,14.8,0,5.1,1016.3,47.0518,21.9387
"04/25/2015",6,23,53.08,16.6,0,8.4,1015.6,47.0518,21.9387
"04/26/2015",8,24,56.94,24.1,0,25.7,1012.2,47.0518,21.9387
"04/27/2015",12,25,54.16,22.3,0,13,1009.4,47.0518,21.9387
"04/28/2015",14,20,61.18,25.9,0.68,56.8,1005.5,47.0518,21.9387
"04/29/2015",6,13.9,73.69,29.5,26.56,69.8,1013.7,47.0518,21.9387
"04/30/2015",2,18,68.41,13,0,21.1,1018.2,47.0518,21.9387
"05/01/2015",8,20,65.54,29.5,0,51.5,1012.5,47.0518,21.9387
"05/02/2015",12,15,87.17,25.9,15.28,79.7,1008.5,47.0518,21.9387
"05/03/2015",6,20,71.03,11.2,0.06,41.7,1014.2,47.0518,21.9387
"05/04/2015",13,23,72.86,25.8,1.22,66.8,1013.9,47.0518,21.9387
"05/05/2015",14,26,72.69,16.5,0,30.7,1013.6,47.0518,21.9387
"05/06/2015",17,28,64.84,29.5,0,27.3,1009.8,47.0518,21.9387
"05/07/2015",13,23,71.46,25.7,2.39,46.3,1013.8,47.0518,21.9387
"05/08/2015",11,21,55.58,16.6,0,15.3,1018.3,47.0518,21.9387
"05/09/2015",8,23,55.15,18.4,0,16.9,1016.6,47.0518,21.9387
"05/10/2015",10,22,67.94,27.7,1.42,41.3,1018.2,47.0518,21.9387
"05/11/2015",11,18,65.15,24.1,1.15,45.5,1024.2,47.0518,21.9387
"05/12/2015",7,22,60.8,13,0,2.2,1025.9,47.0518,21.9387
"05/13/2015",11,24.9,60.89,18.4,0,38.1,1017.6,47.0518,21.9387
"05/14/2015",13,20,75.19,20.3,6.32,54.1,1008.6,47.0518,21.9387
"05/15/2015",7.9,18,63.48,13.1,0.03,31.5,1013.7,47.0518,21.9387
"05/16/2015",12,21,70.72,11.2,3.1,41.6,1019,47.0518,21.9387
"05/17/2015",10,24,66.09,25.9,0,23.6,1019.7,47.0518,21.9387
"05/18/2015",8,23,56.16,14.8,0,6.2,1018,47.0518,21.9387
"05/19/2015",10,29,59.26,14.8,0,3.4,1010.5,47.0518,21.9387
"05/20/2015",16,28,67.36,25.9,12.75,50.2,1010.3,47.0518,21.9387
"05/21/2015",14,27,66.58,18.4,0.98,33.5,1013.3,47.0518,21.9387
"05/22/2015",15,19,85.87,25.9,8.99,44.6,1016.3,47.0518,21.9387
"05/23/2015",13.2,19,84.35,22.3,3.67,41.7,1012.4,47.0518,21.9387
"05/24/2015",12,22.1,83.77,20.5,0,52,1012.7,47.0518,21.9387
"05/25/2015",13.9,22,82.15,24.1,11.45,52.5,1009.4,47.0518,21.9387
"05/26/2015",11.9,21,76.85,14.4,1.3,64.6,1007.1,47.0518,21.9387
"05/27/2015",10,16,78.82,40.7,19.08,84.8,1010.5,47.0518,21.9387
"05/28/2015",9,16,69.09,22.3,0,67.1,1016.4,47.0518,21.9387
"05/29/2015",9,20.9,67.23,13,0,39.6,1016.1,47.0518,21.9387
"05/30/2015",8,24,63.66,11.2,0,1.4,1015.3,47.0518,21.9387
"05/31/2015",11,26,62.71,13,0,7.6,1017.3,47.0518,21.9387
"06/01/2015",12,28,63.94,11.2,0.63,6.7,1018.8,47.0518,21.9387
"06/02/2015",14,29,60.94,11.2,0,4.3,1019.1,47.0518,21.9387
"06/03/2015",15,30,58.75,13,0,4.6,1020.4,47.0518,21.9387
"06/04/2015",16,29,64.51,22.3,0,11.9,1020.4,47.0518,21.9387
"06/05/2015",15.9,27,57.97,20.3,0,17.4,1022.1,47.0518,21.9387
"06/06/2015",15,29,62.75,16.5,0,6.3,1022.7,47.0518,21.9387
"06/07/2015",15,30,58.57,13,0,5.7,1023.8,47.0518,21.9387
"06/08/2015",15,30,61.39,11.2,0.48,9.8,1018.5,47.0518,21.9387
"06/09/2015",17,30,64.3,13,0,14.7,1014.5,47.0518,21.9387
"06/10/2015",18.9,29,63.36,16.6,1.27,21.6,1016.9,47.0518,21.9387
"06/11/2015",16,29,69.35,16.6,0.1,14.5,1017.5,47.0518,21.9387
"06/12/2015",16,31,61.5,14.8,0,5,1016.7,47.0518,21.9387
"06/13/2015",19,32,56.79,25.8,0,5.5,1013.7,47.0518,21.9387
"06/14/2015",22,33,49.91,25.9,0,5.4,1010.6,47.0518,21.9387
"06/15/2015",18,30,60.92,22.3,7.09,44.6,1010.2,47.0518,21.9387
"06/16/2015",16,19,86.19,22.3,15.25,75.9,1012.9,47.0518,21.9387
"06/17/2015",14,20,68.35,25.9,0,52.2,1015.1,47.0518,21.9387
"06/18/2015",12.9,23,68.76,16.6,0.03,29,1012.6,47.0518,21.9387
"06/19/2015",12,26,68.93,29.5,0.06,28.9,1010,47.0518,21.9387
"06/20/2015",12.9,20,76.46,18.2,9.11,55.7,1012.5,47.0518,21.9387
"06/21/2015",9.9,22,63.73,18,0,28.8,1014.4,47.0518,21.9387
"06/22/2015",9,24,59.3,20.5,0,8.4,1016.2,47.0518,21.9387
"06/23/2015",12,25,58.77,27.7,0,27.7,1012.8,47.0518,21.9387
"06/24/2015",13,17.9,82.21,16.6,1.47,84.4,1017.4,47.0518,21.9387
"06/25/2015",12,15,90.8,18.2,6.47,89.6,1020.4,47.0518,21.9387
"06/26/2015",12.9,22,76.08,16.6,1.86,54.8,1017,47.0518,21.9387
"06/27/2015",11,25,64.62,18.4,0,16.2,1015,47.0518,21.9387
"06/28/2015",17.9,24.9,64.7,18.4,0.03,49.7,1013.9,47.0518,21.9387
"06/29/2015",14,26.9,58.19,24.1,0.09,21.9,1018.2,47.0518,21.9387
"06/30/2015",15,25,65.72,20.5,0.98,45.2,1019.2,47.0518,21.9387
"07/01/2015",14,28,61.7,16.4,0.82,9.6,1020.9,47.0518,21.9387
"07/02/2015",15,28,52.39,20.5,0,15.3,1022.7,47.0518,21.9387
"07/03/2015",14.9,29,46.1,18.4,0,2.6,1025.2,47.0518,21.9387
"07/04/2015",16,31,50.56,18.4,0,10.5,1023.2,47.0518,21.9387
"07/05/2015",16,33,52.26,16.6,0,5,1018,47.0518,21.9387
"07/06/2015",17,35,51.12,16.6,0,5.8,1016.3,47.0518,21.9387
"07/07/2015",19,36,48.85,18.4,0,3.1,1015.2,47.0518,21.9387
"07/08/2015",22,37,44.09,29.5,0,3.2,1009,47.0518,21.9387
"07/09/2015",17,24.9,76.33,20.5,2.87,63.2,1012.3,47.0518,21.9387
"07/10/2015",14,24,49.77,24.1,0,12.5,1018.1,47.0518,21.9387
"07/11/2015",10,26,45.81,20.5,0,1.7,1018.2,47.0518,21.9387
"07/12/2015",13,29,45.72,18.4,0,16.9,1014.8,47.0518,21.9387
"07/13/2015",16,24,67.88,27.7,7.71,30,1013.2,47.0518,21.9387
"07/14/2015",16,27,64.8,20.5,2.15,46.3,1014.7,47.0518,21.9387
"07/15/2015",17,30,56.65,22.3,0,31.9,1015.7,47.0518,21.9387
"07/16/2015",17,31,49.12,18.4,0,6.3,1018.9,47.0518,21.9387
"07/17/2015",17,34,46.84,27.7,0,9.7,1017.7,47.0518,21.9387
"07/18/2015",21,35,56.4,16.6,4.32,40,1016.4,47.0518,21.9387
"07/19/2015",19,32.9,60.64,22.3,2.62,28.8,1013.8,47.0518,21.9387
"07/20/2015",20,33,51.14,20.5,0.15,6.3,1010.7,47.0518,21.9387
"07/21/2015",19,32,49.89,14.7,0,0,1015.1,47.0518,21.9387
"07/22/2015",20,36,47.51,11.2,0,3.8,1014.8,47.0518,21.9387
"07/23/2015",20,36.9,49.08,25.9,0,16.6,1011.4,47.0518,21.9387
"07/24/2015",20,34,59.77,13,0.85,37.2,1011.3,47.0518,21.9387
"07/25/2015",21,35,48.78,16.6,0,6.3,1007.9,47.0518,21.9387
"07/26/2015",21,25,67.99,18.4,8.18,51.3,1010.1,47.0518,21.9387
"07/27/2015",15,26,73.33,14.8,0.96,30.4,1008.9,47.0518,21.9387
"07/28/2015",15,27,71.97,20.5,2.75,42,1010.5,47.0518,21.9387
"07/29/2015",15,27,59.06,22.3,0,23.2,1009.9,47.0518,21.9387
"07/30/2015",16,26,70.47,24.1,0.24,37.7,1012.1,47.0518,21.9387
"07/31/2015",15,25,59.03,25.9,0,31.1,1014.5,47.0518,21.9387
"08/01/2015",11,29,54.87,14.5,0,4.6,1017.5,47.0518,21.9387
"08/02/2015",17,32,54.13,13,0,16.3,1017.9,47.0518,21.9387
"08/03/2015",21,32,53.16,16.6,0,21.9,1017.5,47.0518,21.9387
"08/04/2015",19,31,66.51,14.8,0.06,24.4,1015.9,47.0518,21.9387
"08/05/2015",18,34,61.88,17.9,0.06,13,1015.4,47.0518,21.9387
"08/06/2015",19,35,57.34,27.7,3.97,4.4,1016.1,47.0518,21.9387
"08/07/2015",11.1,35,57.61,12.8,2.46,12.6,1017.4,47.0518,21.9387
"08/08/2015",20,36,45.04,16.6,0,5.3,1018.7,47.0518,21.9387
"08/09/2015",18,35,39.57,16.6,0,0.5,1017.6,47.0518,21.9387
"08/10/2015",19,35,36.2,14.8,0,6.7,1014.5,47.0518,21.9387
"08/11/2015",17,36,37.27,13,0,9.3,1013.2,47.0518,21.9387
"08/12/2015",19,37,37.81,16.4,0,6,1014.4,47.0518,21.9387
"08/13/2015",19,35,41.42,20.5,0,3.7,1013.5,47.0518,21.9387
"08/14/2015",18,36,42.19,16.6,0.8,6.8,1011.2,47.0518,21.9387
"08/15/2015",21,36,41.59,14.8,0.06,8.1,1008.1,47.0518,21.9387
"08/16/2015",21,34,49.03,20.5,1.91,20.8,1006.9,47.0518,21.9387
"08/17/2015",18,29,68.96,29.5,11.76,61,1007.3,47.0518,21.9387
"08/18/2015",18,24,85.11,14.7,19.09,79.2,1010.1,47.0518,21.9387
"08/19/2015",18,21,86.82,14.8,3.9,79.5,1014.2,47.0518,21.9387
"08/20/2015",16,19,80.53,20.5,10.02,79.5,1017.9,47.0518,21.9387
"08/21/2015",14,17,90.44,14.8,14.52,92.5,1022.1,47.0518,21.9387
"08/22/2015",15,20,89.39,14.8,21.74,62.2,1020.2,47.0518,21.9387
"08/23/2015",15,25,76.12,7.6,0.19,48.8,1017.4,47.0518,21.9387
"08/24/2015",13,28,63.51,13,0,4.9,1017,47.0518,21.9387
"08/25/2015",15,30,58.37,13,0,29.4,1016.7,47.0518,21.9387
"08/26/2015",18,27,67.35,13,0,34.6,1018.8,47.0518,21.9387
"08/27/2015",16.5,31,67.15,13,0,4.3,1018.9,47.0518,21.9387
"08/28/2015",18,33,56.63,22.2,0,3.1,1018.5,47.0518,21.9387
"08/29/2015",18,34,56.86,13,0,4.7,1021.3,47.0518,21.9387
"08/30/2015",19,35,59.29,13,0,8.6,1021.4,47.0518,21.9387
"08/31/2015",19,35,54.75,14.8,0,8.7,1017.7,47.0518,21.9387
"09/01/2015",21.4,36,50.27,21.4,0,5.8,1012.2,47.0518,21.9387
"09/02/2015",19,34,51.27,23.9,0,0.1,1010.3,47.0518,21.9387
"09/03/2015",18,30,61.3,9.4,0,13.6,1012.6,47.0518,21.9387
"09/04/2015",19,27,64.61,20.5,0.98,40.3,1012,47.0518,21.9387
"09/05/2015",18,23,80.98,16.4,3.18,60.2,1011.8,47.0518,21.9387
"09/06/2015",14,21,69.92,29.5,6.94,58,1013.2,47.0518,21.9387
"09/07/2015",9,20,58.03,29.4,0,5,1019.1,47.0518,21.9387
"09/08/2015",7,19,59.5,14.2,0,32.1,1020.5,47.0518,21.9387
"09/09/2015",8,21,58.88,14.4,0,30.1,1020.7,47.0518,21.9387
"09/10/2015",12,16,78.82,14.8,3.98,51,1019.7,47.0518,21.9387
"09/11/2015",13,17,88.24,7.6,6.73,90,1021.4,47.0518,21.9387
"09/12/2015",14,22,80.49,9.4,1.85,63.9,1022.8,47.0518,21.9387
"09/13/2015",11,24,71.76,13,0,0,1021.4,47.0518,21.9387
"09/14/2015",13,28,63.95,18.4,0,6.8,1016.6,47.0518,21.9387
"09/15/2015",18,30,55.5,24.1,0,29.3,1013.9,47.0518,21.9387
"09/16/2015",17,30,59.86,29.5,0,14.8,1012.7,47.0518,21.9387
"09/17/2015",21,33,44.51,33.5,0,20.2,1010.7,47.0518,21.9387
"09/18/2015",19,35,50.86,18.4,0,1.4,1013.9,47.0518,21.9387
"09/19/2015",18,33,57.57,22.3,0,12.3,1014.5,47.0518,21.9387
"09/20/2015",16,22,83.57,27,7.48,56.1,1012.7,47.0518,21.9387
"09/21/2015",14,20,68.88,18.4,1,36.6,1014.5,47.0518,21.9387
"09/22/2015",8.5,22,75.1,13,0,6.5,1013,47.0518,21.9387
"09/23/2015",14,27,68.63,13,0.03,6.7,1009.6,47.0518,21.9387
"09/24/2015",13,28,73.71,13,0.23,24.3,1011,47.0518,21.9387
"09/25/2015",15,20,86.95,24.1,8.13,87,1012.3,47.0518,21.9387
"09/26/2015",13.9,16,89.91,14.8,28.8,91.6,1015.6,47.0518,21.9387
"09/27/2015",11.9,16,78.46,22.3,0,88.2,1021.4,47.0518,21.9387
"09/28/2015",10.9,13,81.08,27.7,5.82,88.9,1024.5,47.0518,21.9387
"09/29/2015",11,15,75.1,20.6,4.1,54.5,1027.3,47.0518,21.9387
"09/30/2015",8,17,62.73,20.5,0,41,1029.1,47.0518,21.9387
"10/01/2015",6,18,69.46,13,0,8.3,1030.5,47.0518,21.9387
"10/02/2015",6,20,73.98,11.2,0,0.1,1029.3,47.0518,21.9387
"10/03/2015",8,22,76.5,13,0,2,1025.2,47.0518,21.9387
"10/04/2015",11,23,72.95,20.5,0,4.3,1021.1,47.0518,21.9387
"10/05/2015",12.2,16,89.83,11.2,10.07,46.9,1016.5,47.0518,21.9387
"10/06/2015",10,17,89.1,9.4,0.06,65.4,1013.7,47.0518,21.9387
"10/07/2015",8,21,81.87,18.4,5.45,28.5,1012.2,47.0518,21.9387
"10/08/2015",12,16,86.34,13,0.34,76.5,1016.9,47.0518,21.9387
"10/09/2015",11.9,14,88.15,13,6,87,1020,47.0518,21.9387
"10/10/2015",11,17,86.82,16.6,0.37,62.9,1018.6,47.0518,21.9387
"10/11/2015",9,13,85.66,22.3,9.01,73.9,1008.8,47.0518,21.9387
"10/12/2015",7,11,90.91,35.3,16.94,92,1014.1,47.0518,21.9387
"10/13/2015",7.9,12,80.56,14.8,0.06,85.7,1021.4,47.0518,21.9387
"10/14/2015",8,15,79.68,13,0.19,52.4,1018.5,47.0518,21.9387
"10/15/2015",12,22,78.17,13,0,52.4,1016.8,47.0518,21.9387
"10/16/2015",13,19.9,79.94,13,0.56,46.8,1017.9,47.0518,21.9387
"10/17/2015",12,15,91.78,16.5,13.15,85.4,1019.1,47.0518,21.9387
"10/18/2015",11,14,94.29,13,7.55,76.4,1019.6,47.0518,21.9387
"10/19/2015",10.9,14,89.53,13,4.58,63.5,1015.7,47.0518,21.9387
"10/20/2015",8,12,92.32,35.3,7.95,91.1,1012.2,47.0518,21.9387
"10/21/2015",4,10,88.52,18.4,1.43,54.9,1018.1,47.0518,21.9387
"10/22/2015",2,13,81.52,20.5,0,9.5,1016.9,47.0518,21.9387
"10/23/2015",3,14,79.89,9.4,0,22.8,1020.1,47.0518,21.9387
"10/24/2015",5,14,80.62,16.6,0,42.2,1024.4,47.0518,21.9387
"10/25/2015",3,14,79.73,11.2,0,21.5,1024.3,47.0518,21.9387
"10/26/2015",5,14,79.76,16.6,0,27,1025.4,47.0518,21.9387
"10/27/2015",2,15,80.27,11.2,0,7,1025.2,47.0518,21.9387
"10/28/2015",3,14,84.37,11.2,0,4.3,1023.6,47.0518,21.9387
"10/29/2015",6,16,76.5,11.2,0,39.5,1021.3,47.0518,21.9387
"10/30/2015",2.9,15,79.62,11.1,0,9.3,1028.3,47.0518,21.9387
"10/31/2015",2.9,14,80.89,11.2,0,0.1,1037,47.0518,21.9387
"11/01/2015",1,10,85.88,11.2,0,0.1,1041.1,47.0518,21.9387
"11/02/2015",-0.1,12,82.88,9.4,0,6.6,1036.8,47.0518,21.9387
"11/03/2015",0,12,76.77,11.2,0,2.6,1030.7,47.0518,21.9387
"11/04/2015",-2.8,14,81.02,10.7,0,1,1024.3,47.0518,21.9387
"11/05/2015",-1,12,76.96,11.1,0,0.4,1022.1,47.0518,21.9387
"11/06/2015",0,11,85.78,11.2,0,13.6,1025.7,47.0518,21.9387
"11/07/2015",-1,6.9,95.57,14.8,0,79.2,1028.6,47.0518,21.9387
"11/08/2015",5.9,11,94.59,22.3,0.12,92.4,1028.7,47.0518,21.9387
"11/09/2015",7.9,11,95.7,14.8,2.19,90.6,1024.1,47.0518,21.9387
"11/10/2015",8,17,90.22,22.9,0.03,40.1,1019.9,47.0518,21.9387
"11/11/2015",8.9,16,84.5,22.3,0.03,30.1,1021,47.0518,21.9387
"11/12/2015",8.1,15,89.96,25.9,0,28,1025.2,47.0518,21.9387
"11/13/2015",4,14,92.56,16.6,0,28.5,1028.1,47.0518,21.9387
"11/14/2015",4.2,13,81.39,27.7,0,34.5,1024.1,47.0518,21.9387
"11/15/2015",5,8,75.06,31.7,2.62,74.5,1018.5,47.0518,21.9387
"11/16/2015",8,12,83.02,29.5,2.87,87.1,1014.2,47.0518,21.9387
"11/17/2015",8,16,79.36,35.1,0,39.1,1017.6,47.0518,21.9387
"11/18/2015",8.9,15,75.28,33.5,0.11,46.3,1015.1,47.0518,21.9387
"11/19/2015",6.9,14,72.58,31.7,0,18.6,1018.7,47.0518,21.9387
"11/20/2015",8,13,77.22,42.5,0.03,50.2,1009.6,47.0518,21.9387
"11/21/2015",4.8,13.1,89.34,38.9,27.34,83.4,994.4,47.0518,21.9387
"11/22/2015",4,7,95.46,18.4,24.51,69.4,999.9,47.0518,21.9387
"11/23/2015",-0.4,5.9,94.62,22.3,0.81,54.2,1020.4,47.0518,21.9387
"11/24/2015",-1.9,5,92.65,11.2,0,25.3,1025.9,47.0518,21.9387
"11/25/2015",-0.6,5,92.58,9.5,0,41.9,1015.9,47.0518,21.9387
"11/26/2015",-0.2,3,97.28,15.4,8.08,69.7,1008,47.0518,21.9387
"11/27/2015",1.4,5,90.19,15.4,0.3,35,1014.8,47.0518,21.9387
"11/28/2015",1.6,5,95.06,24,2.61,75.3,1010.5,47.0518,21.9387
"11/29/2015",0.9,4.9,92.7,27.7,2.38,62.5,1018.9,47.0518,21.9387
"11/30/2015",3.9,7,89.09,40.7,7.87,66.7,1018.8,47.0518,21.9387
"12/01/2015",3,11,81.93,38.8,12.28,66.8,1017.3,47.0518,21.9387
"12/02/2015",0.9,6,87.2,20.5,0,70.2,1027,47.0518,21.9387
"12/03/2015",6,8,90.28,13,0.68,93.9,1031.9,47.0518,21.9387
"12/04/2015",5,8,93.7,14.8,0.09,91.8,1034.4,47.0518,21.9387
"12/05/2015",3,5,94.68,14.8,0.03,94.1,1037,47.0518,21.9387
"12/06/2015",3,5,94.14,14.8,0.05,96.5,1036.5,47.0518,21.9387
"12/07/2015",2.9,4,91.34,16.6,0.15,92.4,1038.1,47.0518,21.9387
"12/08/2015",3,4,90.57,11.2,0.13,98,1038.7,47.0518,21.9387
"12/09/2015",2.9,6,87.09,13,0,95.6,1035.5,47.0518,21.9387
"12/10/2015",4,5,88.06,13,0.58,78.4,1035.6,47.0518,21.9387
"12/11/2015",3,5,91.14,13,0,90.2,1033.1,47.0518,21.9387
"12/12/2015",3,6,83.91,27.7,0,89.9,1027.3,47.0518,21.9387
"12/13/2015",0.9,7,86.41,29.3,0,48.3,1023.2,47.0518,21.9387
"12/14/2015",-1.6,1,95.95,22.3,0,68.9,1027.7,47.0518,21.9387
"12/15/2015",-1.3,2,96.17,10.9,0,89.6,1030,47.0518,21.9387
"12/16/2015",0,2,94.07,13,0,91.2,1032.7,47.0518,21.9387
"12/17/2015",0.8,2.9,90.68,16.5,0,93.9,1035.6,47.0518,21.9387
"12/18/2015",1.9,3,88.1,13,0.14,92,1030,47.0518,21.9387
"12/19/2015",1.9,5,89.82,11.2,0,75.7,1029.6,47.0518,21.9387
"12/20/2015",1,4.9,93.07,11.2,0,86.1,1033.2,47.0518,21.9387
"12/21/2015",1,3,97.45,16.6,0,98.2,1032,47.0518,21.9387
"12/22/2015",2,7,94.3,29.5,0,70.7,1032.8,47.0518,21.9387
"12/23/2015",3,12.9,81.94,16.6,0,17.2,1031.3,47.0518,21.9387
"12/24/2015",1,6,96.6,12.9,0,75.8,1032.2,47.0518,21.9387
"12/25/2015",2.9,6,95.8,16.6,0.03,92.9,1033.9,47.0518,21.9387
"12/26/2015",2,6,95.53,27.5,0.03,91.1,1035,47.0518,21.9387
"12/27/2015",-1,11,92.22,14.8,0.03,48.5,1033.3,47.0518,21.9387
"12/28/2015",0.9,3,98.87,20.5,0.16,97.1,1032.6,47.0518,21.9387
"12/29/2015",0,5,93.66,22,0.07,67.3,1031.8,47.0518,21.9387
"12/30/2015",-2,3,55.45,20.5,0.02,20.1,1036.5,47.0518,21.9387
"12/31/2015",-8,-1,67.58,13,0,3.7,1036.6,47.0518,21.9387
"01/01/2016",-9.1,-2,75.8,11.2,0,29.1,1030.1,47.0518,21.9387
"01/02/2016",-7,-2,69.83,14.8,0,39.4,1027.4,47.0518,21.9387
"01/03/2016",-10,-4,73.48,13,0,20.7,1020,47.0518,21.9387
"01/04/2016",-8.1,-5,82.09,23.9,1.43,71.1,1008.7,47.0518,21.9387
"01/05/2016",-6,-2,92.8,18.4,0.75,92.1,1005.9,47.0518,21.9387
"01/06/2016",-3,3,86.87,13,0,81,1004.1,47.0518,21.9387
"01/07/2016",-0.1,2,94.07,13,13.7,94.5,999,47.0518,21.9387
"01/08/2016",-2,0,96.22,25.9,0.12,95,1010.7,47.0518,21.9387
"01/09/2016",0.9,4,91.83,12.9,6.65,88.8,1011.7,47.0518,21.9387
"01/10/2016",1.9,10,92.84,37.1,17.33,91.9,1005.2,47.0518,21.9387
"01/11/2016",2,14,77.12,36.9,2.63,55.9,1001.9,47.0518,21.9387
"01/12/2016",5,12,87.92,38.9,12.93,61.5,998.4,47.0518,21.9387
"01/13/2016",1.9,8,81,26,1.22,32.9,1008.9,47.0518,21.9387
"01/14/2016",0.9,5,82.31,27.7,0.79,33.6,1016.8,47.0518,21.9387
"01/15/2016",0.9,3.9,81.52,20.3,6.47,87.2,1009.2,47.0518,21.9387
"01/16/2016",-1.1,1,89.12,27.5,0.36,61.2,1013.1,47.0518,21.9387
"01/17/2016",-5,-2,71.06,33.4,0.02,91.6,1013.5,47.0518,21.9387
"01/18/2016",-5,-1,62.34,26,0.03,56,1018.2,47.0518,21.9387
"01/19/2016",-9.1,-3,79.06,11,0,34.6,1021.2,47.0518,21.9387
"01/20/2016",-10,-1.1,77.97,18.4,0,35.2,1020.9,47.0518,21.9387
"01/21/2016",-13,-2,89.27,22.3,4.07,81.6,1023.4,47.0518,21.9387
"01/22/2016",-14,-3.1,88.93,13,0.05,16.2,1036.1,47.0518,21.9387
"01/23/2016",-13,-2.1,80.81,14.6,8.02,3.5,1037.6,47.0518,21.9387
"01/24/2016",-12,-3,76.28,12.9,6.42,78.9,1036,47.0518,21.9387
"01/25/2016",-8,-0.1,79.14,20.5,6.56,88.2,1033,47.0518,21.9387
"01/26/2016",-0.1,1,97.16,22.3,0.65,95.6,1029.3,47.0518,21.9387
"01/27/2016",0.9,7.9,92.98,24,1.64,92.4,1027.8,47.0518,21.9387
"01/28/2016",3,9.9,88.51,27.7,0,83.3,1025.4,47.0518,21.9387
"01/29/2016",1.9,6,94.18,14.8,2.64,84,1029.1,47.0518,21.9387
"01/30/2016",0,10.9,85.41,31.6,0,57.4,1028.3,47.0518,21.9387
"01/31/2016",3.9,9.9,76.47,35.2,4.76,81.5,1015,47.0518,21.9387
"02/01/2016",1.9,6.9,93.12,27.6,3.04,93.7,1018.8,47.0518,21.9387
"02/02/2016",6.9,12,87.76,33.4,0.03,92.1,1022,47.0518,21.9387
"02/03/2016",8,11,82.93,29.4,3.43,82.7,1015.9,47.0518,21.9387
"02/04/2016",1.9,7,76.77,33.2,14.4,67.6,1017.1,47.0518,21.9387
"02/05/2016",-1.1,5,82.3,16.4,0,25,1024.2,47.0518,21.9387
"02/06/2016",-2.1,4,82.15,16.5,0,75.3,1029.9,47.0518,21.9387
"02/07/2016",-1,11,72.86,27.6,0,6,1023.4,47.0518,21.9387
"02/08/2016",2,10.9,60.16,31.6,0,65.2,1018.6,47.0518,21.9387
"02/09/2016",8,12,68.66,33.3,1.95,71.2,1013.5,47.0518,21.9387
"02/10/2016",4.9,12.9,70.12,46.5,4.8,89.5,996.8,47.0518,21.9387
"02/11/2016",2,8,77.46,37,2.65,69,1005.9,47.0518,21.9387
"02/12/2016",0,10,67.99,18.3,0,44.6,1010.4,47.0518,21.9387
"02/13/2016",6,11,72.37,27.6,6.71,91.2,998.2,47.0518,21.9387
"02/14/2016",3.9,13,77.3,31.7,0.45,80.5,999.4,47.0518,21.9387
"02/15/2016",9.9,14.9,81.7,33.5,4.02,79,1003.6,47.0518,21.9387
"02/16/2016",5.9,9,91.99,24.1,8.34,87.5,1025.4,47.0518,21.9387
"02/17/2016",5,16,84.4,24.1,0,49.5,1025.8,47.0518,21.9387
"02/18/2016",5.9,15,83.45,12.9,0.03,76.3,1019.7,47.0518,21.9387
"02/19/2016",4,9,90.41,38.7,6.66,91.1,1015.1,47.0518,21.9387
"02/20/2016",2,6,83.67,29.6,0.1,80.4,1022.7,47.0518,21.9387
"02/21/2016",1.9,6.9,87.62,40.3,6.6,86.4,1018.5,47.0518,21.9387
"02/22/2016",6.9,14.9,77.25,42.5,2.42,58.2,1014,47.0518,21.9387
"02/23/2016",9,12.9,81.13,29.3,3.21,81.2,1010.4,47.0518,21.9387
"02/24/2016",2.9,10,82.76,35,11.17,77.1,1012.6,47.0518,21.9387
"02/25/2016",-0.1,7.9,76,22,0.32,53.6,1015.9,47.0518,21.9387
"02/26/2016",3,5,90.01,18.2,7.79,86.7,1012.3,47.0518,21.9387
"02/27/2016",-1.1,8.9,71.95,11.1,0.11,33.9,1015.7,47.0518,21.9387
"02/28/2016",2,14.9,75.04,20.3,0,61.5,1018.9,47.0518,21.9387
"02/29/2016",7,16,72.06,13,0,94.9,1014.5,47.0518,21.9387
"03/01/2016",3.9,10.9,86.97,40.6,3.72,87.2,1010,47.0518,21.9387
"03/02/2016",1,4,83.42,25.7,0.02,78.1,1012.5,47.0518,21.9387
"03/03/2016",-1.1,12,73.52,16.6,0,45.4,1002,47.0518,21.9387
"03/04/2016",4.9,12,78.89,20.5,0,77.6,999.4,47.0518,21.9387
"03/05/2016",5,10,85.64,25.9,0,80.5,1008.2,47.0518,21.9387
"03/06/2016",5,13.9,74.93,29.3,6.64,92.1,1005,47.0518,21.9387
"03/07/2016",7.9,9.9,92.84,14.7,4,82,1003.6,47.0518,21.9387
"03/08/2016",5,10.9,90.17,22.3,14.62,69.9,1009.6,47.0518,21.9387
"03/09/2016",1.9,12.9,81.66,18.2,0,35.2,1012.9,47.0518,21.9387
"03/10/2016",7,15,69.42,23.8,0.2,90.2,1008.8,47.0518,21.9387
"03/11/2016",4.9,15,67.82,18.3,0.19,68.1,1014.5,47.0518,21.9387
"03/12/2016",7,9,86.62,16.6,6.59,90.6,1020.9,47.0518,21.9387
"03/13/2016",6,13.9,65.62,35.1,0,87.2,1022.7,47.0518,21.9387
"03/14/2016",1.9,9,55.91,31.5,0,7.9,1024.2,47.0518,21.9387
"03/15/2016",1.9,4,81.08,13,0.77,81.3,1019.5,47.0518,21.9387
"03/16/2016",2,9.9,70.94,12.9,0.13,64.1,1027.8,47.0518,21.9387
"03/17/2016",-2,10,71.83,14.6,0,0,1028.3,47.0518,21.9387
"03/18/2016",-0.1,12,69.94,25.9,0,14.1,1017.4,47.0518,21.9387
"03/19/2016",1,7.9,58.81,25.7,0,78.3,1015.4,47.0518,21.9387
"03/20/2016",-3,10,60.95,18.1,0,30.7,1017.8,47.0518,21.9387
"03/21/2016",3.9,11.9,66.16,25.8,0,80.8,1014.3,47.0518,21.9387
"03/22/2016",2.9,12,65.72,23.9,0.08,47.8,1010.6,47.0518,21.9387
"03/23/2016",1.9,9.9,77.12,20.5,2.41,67.1,1003.7,47.0518,21.9387
"03/24/2016",0.9,7,63.79,31.3,0.65,81.6,1004,47.0518,21.9387
"03/25/2016",-3.1,9,55.11,25.7,0,11.6,1015.6,47.0518,21.9387
"03/26/2016",1,7.9,72.25,23.9,2.6,91.6,1017.7,47.0518,21.9387
"03/27/2016",4,11,78.84,14.7,0.79,71.8,1017.7,47.0518,21.9387
"03/28/2016",1.9,12.9,74.14,16.6,0,57.5,1015.9,47.0518,21.9387
"03/29/2016",7.9,16,74.27,33.3,1.73,71.2,1013.4,47.0518,21.9387
"03/30/2016",6,17.9,73.64,31.7,0.88,63,1018.4,47.0518,21.9387
"03/31/2016",10.9,20.9,60.48,35.1,0,44.2,1016.5,47.0518,21.9387
"04/01/2016",9,21.9,49.84,36.7,0,49.8,1012.9,47.0518,21.9387
"04/02/2016",3.9,13.9,50.62,25.6,0,41.7,1024.3,47.0518,21.9387
"04/03/2016",2.9,19,58.27,14.5,0,2.6,1021.7,47.0518,21.9387
"04/04/2016",8,22.9,58.88,23.9,0,28.8,1014,47.0518,21.9387
"04/05/2016",14.9,24.9,46.98,27.6,0,12.2,1010,47.0518,21.9387
"04/06/2016",13.9,25.9,49.97,31.6,0,17.8,1008.9,47.0518,21.9387
"04/07/2016",9.9,26,60.43,16.6,0,36.1,1010.5,47.0518,21.9387
"04/08/2016",15.9,22.9,54.89,16.5,0.15,76.6,1004.4,47.0518,21.9387
"04/09/2016",12.9,18.9,73.87,20.1,16.85,78.8,1001.3,47.0518,21.9387
"04/10/2016",10.9,13.9,81.43,12.9,0.54,94.1,1005.7,47.0518,21.9387
"04/11/2016",9.9,15.9,75.84,16.5,0.6,80.8,1010.6,47.0518,21.9387
"04/12/2016",11.9,19.9,69.55,22.1,0,66,1012.4,47.0518,21.9387
"04/13/2016",9,21.9,61.69,25.9,0,24.4,1009.3,47.0518,21.9387
"04/14/2016",12.9,19.9,67.44,31.5,1.35,57.1,1003.5,47.0518,21.9387
"04/15/2016",9.9,17.9,69.64,24,1.46,52.4,1011.6,47.0518,21.9387
"04/16/2016",11,23.9,44.25,36.9,0,29.1,1012.4,47.0518,21.9387
"04/17/2016",12.9,26.9,43.39,46,0,58.7,1012,47.0518,21.9387
"04/18/2016",15.9,24.9,49.79,20.3,0.03,69,1014.3,47.0518,21.9387
"04/19/2016",8.9,16,68.44,22.1,2.1,84.1,1017,47.0518,21.9387
"04/20/2016",7,14.9,43.73,27.5,0.16,64.5,1021.1,47.0518,21.9387
"04/21/2016",1.9,16,56.06,16.2,0,12,1026.5,47.0518,21.9387
"04/22/2016",4,20.9,47.8,16.5,0,6,1016.7,47.0518,21.9387
"04/23/2016",8,21.9,50.05,18.2,0,31.4,1007.3,47.0518,21.9387
"04/24/2016",5.9,15.9,71.25,35,12.93,77.7,1000.2,47.0518,21.9387
"04/25/2016",4.9,6.9,85.99,22.2,8.29,92.7,1003.9,47.0518,21.9387
"04/26/2016",3.9,12.9,64.13,22,0.06,57.2,1008.8,47.0518,21.9387
"04/27/2016",3,18.9,52.57,27.7,0,42.2,1011,47.0518,21.9387
"04/28/2016",4.9,15,66.9,20.2,0.13,69.7,1017.5,47.0518,21.9387
"04/29/2016",7.9,12,89.35,14.6,5.02,82.5,1018.5,47.0518,21.9387
"04/30/2016",9.9,16.9,78.44,11.1,0.59,69.5,1020,47.0518,21.9387
"05/01/2016",7,22,68.8,12.8,0,48.3,1017.2,47.0518,21.9387
"05/02/2016",11.9,21.9,59.62,14.6,0.04,81.2,1015.1,47.0518,21.9387
"05/03/2016",13,19.9,51.51,27.6,0,88.9,1010.8,47.0518,21.9387
"05/04/2016",11.9,20,52.65,26,0.1,83.8,1012.5,47.0518,21.9387
"05/05/2016",7,23,57.94,36.6,0.48,23.7,1018,47.0518,21.9387
"05/06/2016",8.9,22.9,58.44,25.7,0,17.1,1017.1,47.0518,21.9387
"05/07/2016",7,19,57.93,20.7,0,29,1015.1,47.0518,21.9387
"05/08/2016",6,18.9,63.12,14.5,1.55,45,1016.6,47.0518,21.9387
"05/09/2016",7,19,63.38,12.8,0.35,37,1019.4,47.0518,21.9387
"05/10/2016",7,22,57.01,14.4,0,35.1,1018.4,47.0518,21.9387
"05/11/2016",11,21,66.78,14.7,0.72,53.9,1013,47.0518,21.9387
"05/12/2016",10,23.9,69.83,32.9,0.06,40.1,1004.3,47.0518,21.9387
"05/13/2016",13.9,20,77.85,47.3,19.35,55.6,998.3,47.0518,21.9387
"05/14/2016",12.9,17.9,81.29,31.5,9.92,78.4,1000.5,47.0518,21.9387
"05/15/2016",9.9,19,83.26,25.8,3.89,73.3,1008.9,47.0518,21.9387
"05/16/2016",7.9,14,76.59,16.5,3.88,69.2,1016.2,47.0518,21.9387
"05/17/2016",4.9,13.9,69.29,25.7,3.43,30.4,1017,47.0518,21.9387
"05/18/2016",6.9,15.9,72.98,25.6,0.75,59.3,1016.1,47.0518,21.9387
"05/19/2016",8,19,66.19,14.6,0,68.6,1014.1,47.0518,21.9387
"05/20/2016",9.9,21,56.98,18.4,0,29.6,1015.3,47.0518,21.9387
"05/21/2016",9.9,23,51.54,22.3,0,0.4,1017.9,47.0518,21.9387
"05/22/2016",11,26,55.48,14.6,0,14.7,1018.1,47.0518,21.9387
"05/23/2016",13,27.9,54.63,14.6,0,19.1,1012.9,47.0518,21.9387
"05/24/2016",13,23.9,71.11,25.9,6.3,43.5,1005.4,47.0518,21.9387
"05/25/2016",12.9,21.9,76.03,38.3,3.7,66.2,1005.4,47.0518,21.9387
"05/26/2016",9.9,25,66.19,18.1,1.75,24.5,1012.3,47.0518,21.9387
"05/27/2016",12,26,60.78,14.6,0.03,25.3,1016.5,47.0518,21.9387
"05/28/2016",13,28,56.91,12.8,0,16,1015.6,47.0518,21.9387
"05/29/2016",14,29,56.35,14.7,0,53.6,1010.6,47.0518,21.9387
"05/30/2016",17,27,68.06,20.1,1.34,31,1008.6,47.0518,21.9387
"05/31/2016",15,26.9,65.75,23.9,7.98,54,1011.4,47.0518,21.9387
"06/01/2016",14,22,72.69,18.5,0.3,38.8,1014.4,47.0518,21.9387
"06/02/2016",14.9,19.9,86.09,29.5,7.18,77.7,1010.9,47.0518,21.9387
"06/03/2016",14.9,22.9,82.93,14.6,5.82,77.5,1009.7,47.0518,21.9387
"06/04/2016",13.9,24,77.08,12.9,2.39,62.1,1009.9,47.0518,21.9387
"06/05/2016",17,22,82.66,16.7,7.4,69.8,1013,47.0518,21.9387
"06/06/2016",14,23,61.81,27.6,0,13.5,1015.4,47.0518,21.9387
"06/07/2016",10,22,46.08,24,0,8.3,1019.5,47.0518,21.9387
"06/08/2016",7,23,56.38,18.2,0,15.1,1019.6,47.0518,21.9387
"06/09/2016",12,26,54.08,16.5,0,20.7,1013.6,47.0518,21.9387
"06/10/2016",13,25,71.43,20.4,5.06,50.5,1011.2,47.0518,21.9387
"06/11/2016",14.9,25,74.98,33,2.57,44.3,1011.1,47.0518,21.9387
"06/12/2016",15,19.9,89.22,16.3,25.38,74.3,1009.7,47.0518,21.9387
"06/13/2016",14.9,18.9,90.88,11.1,11.31,67.9,1003.2,47.0518,21.9387
"06/14/2016",15.9,24,83.4,12.8,12.15,81.4,999.2,47.0518,21.9387
"06/15/2016",14.9,24,80.2,41.5,12.84,33.2,1002.9,47.0518,21.9387
"06/16/2016",14.9,27,71.55,25.8,2.31,42,1010.6,47.0518,21.9387
"06/17/2016",18,32.9,52.52,46.2,7.67,55.2,1008.5,47.0518,21.9387
"06/18/2016",17,25,70.56,18.3,5.72,49.2,1016.5,47.0518,21.9387
"06/19/2016",15.9,27,74.65,23.8,28.97,38.3,1014.7,47.0518,21.9387
"06/20/2016",16.9,27,83.44,20.1,5.68,55.5,1016.5,47.0518,21.9387
"06/21/2016",19.9,28,80.38,20.4,8.11,68.1,1020.9,47.0518,21.9387
"06/22/2016",20.9,31,72.02,16.5,0,37.6,1022.1,47.0518,21.9387
"06/23/2016",21.9,33,69.61,18.1,0,15.6,1021.5,47.0518,21.9387
"06/24/2016",22.9,33,69.39,12.8,0.15,28.3,1019.1,47.0518,21.9387
"06/25/2016",21,33,61.9,13,0,14.2,1015.2,47.0518,21.9387
"06/26/2016",22,30,71.17,12.9,11.96,46.9,1013.8,47.0518,21.9387
"06/27/2016",19,27,73.93,22.3,12.05,59.7,1013.1,47.0518,21.9387
"06/28/2016",17.9,23,75.3,25.7,0.17,68.9,1012.5,47.0518,21.9387
"06/29/2016",14.9,27,64.2,14.6,0,14.9,1014.8,47.0518,21.9387
"06/30/2016",15,29,63.12,11.1,0,6.5,1015.8,47.0518,21.9387
"07/01/2016",17,31,62.48,14.4,0,35.8,1015.8,47.0518,21.9387
"07/02/2016",19,31,62.71,13,0.31,24.1,1014.5,47.0518,21.9387
"07/03/2016",20,27,74.46,22.1,3.93,54.6,1013.8,47.0518,21.9387
"07/04/2016",13.9,25,60.64,18.3,0.03,27.7,1019.5,47.0518,21.9387
"07/05/2016",13,27,57.95,14.6,0,36.6,1017.9,47.0518,21.9387
"07/06/2016",16,24,67.9,22.3,0.41,48.8,1014,47.0518,21.9387
"07/07/2016",12.9,24,51.98,20.2,0,22.3,1018.1,47.0518,21.9387
"07/08/2016",11.9,27,53.32,18.2,0,4.8,1020.2,47.0518,21.9387
"07/09/2016",14,28.9,57.43,27.5,0.72,51.8,1015.8,47.0518,21.9387
"07/10/2016",14,26,59.75,14.6,0,24.9,1018.3,47.0518,21.9387
"07/11/2016",14,31,59.69,11,0,1.3,1017.1,47.0518,21.9387
"07/12/2016",17.9,33,58.54,16.4,0,1,1013.7,47.0518,21.9387
"07/13/2016",19,34,54.7,20.4,0,15.4,1010.1,47.0518,21.9387
"07/14/2016",16.9,28,74.81,29.2,3.77,55.6,1008.2,47.0518,21.9387
"07/15/2016",12.9,24,72.41,25.8,2.89,48,1015.3,47.0518,21.9387
"07/16/2016",14.9,21,88.13,27.6,34.81,78.9,1012.7,47.0518,21.9387
"07/17/2016",15.9,20,90.48,24,13.39,87.7,1013.3,47.0518,21.9387
"07/18/2016",15.9,24,75.53,20.5,0.61,75.3,1015.9,47.0518,21.9387
"07/19/2016",16,23,67.58,20.4,0.35,73.4,1018.3,47.0518,21.9387
"07/20/2016",16,25,72.27,16.2,1.53,55.7,1017.5,47.0518,21.9387
"07/21/2016",15.9,27,71.02,14.6,0.11,54.6,1016.1,47.0518,21.9387
"07/22/2016",16,28,73.05,18.2,0.09,43,1015.5,47.0518,21.9387
"07/23/2016",18,29,70.37,20.2,1.3,38.7,1016,47.0518,21.9387
"07/24/2016",18,30,65.75,14.7,0,1.2,1016.4,47.0518,21.9387
"07/25/2016",19,31,63.7,18.3,0,35.8,1014.9,47.0518,21.9387
"07/26/2016",19.9,27.9,79.1,20.6,0.78,46.9,1015.6,47.0518,21.9387
"07/27/2016",18,29.9,74.93,11,0,20.9,1015.7,47.0518,21.9387
"07/28/2016",19,31,70.25,20.8,0,38.6,1014.8,47.0518,21.9387
"07/29/2016",18.9,27.9,77.45,18,0.24,66.3,1014.4,47.0518,21.9387
"07/30/2016",17.9,30,68.02,23.8,0,22.9,1014.8,47.0518,21.9387
"07/31/2016",18,31.9,61.79,11.1,0,8.2,1014.4,47.0518,21.9387
"08/01/2016",20,28.1,65.88,22.1,0.03,21.9,1012.3,47.0518,21.9387
"08/02/2016",18.9,24,76.82,18.3,5.26,61.5,1014.9,47.0518,21.9387
"08/03/2016",15,28,69.48,14.6,0.03,31.2,1015.8,47.0518,21.9387
"08/04/2016",15,29.9,66.17,12.8,0,16.3,1016.8,47.0518,21.9387
"08/05/2016",18.9,32.9,59.84,14.5,0,13.4,1013.8,47.0518,21.9387
"08/06/2016",19,32,60.67,43.9,0,18.8,1014.9,47.0518,21.9387
"08/07/2016",16,26,58.19,27.6,0,20.8,1021.3,47.0518,21.9387
"08/08/2016",13.9,27.9,50.83,14.6,0,12,1021.2,47.0518,21.9387
"08/09/2016",13,28.9,58.72,12.9,0,7.2,1017.3,47.0518,21.9387
"08/10/2016",17,29.9,62.78,22.3,1.01,47.6,1012.2,47.0518,21.9387
"08/11/2016",13.9,19,81.44,23.8,4.41,85.8,1017.2,47.0518,21.9387
"08/12/2016",9,22.9,62.68,20.3,0,31.6,1022.2,47.0518,21.9387
"08/13/2016",9,23.9,61.64,11,0,33.2,1025.3,47.0518,21.9387
"08/14/2016",11.9,26.9,60.79,16.5,0,34,1023.5,47.0518,21.9387
"08/15/2016",14.9,29.9,65.12,18.3,1.85,31.4,1020.1,47.0518,21.9387
"08/16/2016",16.9,25.9,67.35,16.3,0.64,50.4,1016.3,47.0518,21.9387
"08/17/2016",13,22.9,79.71,20.1,6.71,29.5,1012.4,47.0518,21.9387
"08/18/2016",11,26,74.93,11,0.04,44.6,1013.2,47.0518,21.9387
"08/19/2016",13,29,60.97,14.4,0,32.2,1013.3,47.0518,21.9387
"08/20/2016",16,29.9,66.1,11,0,25.1,1016.5,47.0518,21.9387
"08/21/2016",17.9,31,61.52,11.1,0,22.3,1016.2,47.0518,21.9387
"08/22/2016",18,22.9,84.38,24,13.88,71.6,1017.2,47.0518,21.9387
"08/23/2016",16.9,24.9,75.51,24,1.2,67.5,1021.4,47.0518,21.9387
"08/24/2016",16,27,64.75,25.9,0,3,1021,47.0518,21.9387
"08/25/2016",16,27.9,56.02,20.5,0,18.4,1020.8,47.0518,21.9387
"08/26/2016",13.9,28,54.73,14.8,0,3.7,1022,47.0518,21.9387
"08/27/2016",14,29.9,57.99,11,0,2,1022.7,47.0518,21.9387
"08/28/2016",14,30.9,56.38,12.9,0,0,1020,47.0518,21.9387
"08/29/2016",15,31.9,58.2,12.8,0,10.2,1016.2,47.0518,21.9387
"08/30/2016",15,27.9,65.94,24,0,33.7,1017.3,47.0518,21.9387
"08/31/2016",13,26,53.44,18.4,0,1.7,1021.7,47.0518,21.9387
"09/01/2016",10,27,61.34,14.5,0,0,1021.2,47.0518,21.9387
"09/02/2016",11.9,28,57.09,14.6,0,17.2,1019,47.0518,21.9387
"09/03/2016",13,28,57.91,18.1,0,20,1018.5,47.0518,21.9387
"09/04/2016",13.9,29.9,55.88,18.1,0,41.7,1017.2,47.0518,21.9387
"09/05/2016",15,23,79.83,22.1,10.47,59.1,1012.4,47.0518,21.9387
"09/06/2016",14.9,22.9,87.3,16.5,7.46,71.2,1016.8,47.0518,21.9387
"09/07/2016",15,30,66.53,12.9,0.03,9.1,1021.3,47.0518,21.9387
"09/08/2016",16,30.9,57.58,14.6,0,5.1,1017.5,47.0518,21.9387
"09/09/2016",16,30,60.1,16.2,0,15,1015.4,47.0518,21.9387
"09/10/2016",16.9,32,60.4,11.1,0,20.5,1016.4,47.0518,21.9387
"09/11/2016",16,30.9,65.86,14.6,0,20.4,1017.1,47.0518,21.9387
"09/12/2016",15,30,66.81,11.1,0.53,25.3,1018.6,47.0518,21.9387
"09/13/2016",16.9,24,79.61,18.4,1.14,40.5,1018.2,47.0518,21.9387
"09/14/2016",13.9,27.9,72.84,11,0.03,14.6,1015.6,47.0518,21.9387
"09/15/2016",15,28,68.89,14.6,0,13.3,1016.5,47.0518,21.9387
"09/16/2016",15,29.9,65.8,22.2,0,14.7,1016,47.0518,21.9387
"09/17/2016",16.9,29,64.53,20.4,0.32,52.9,1010.5,47.0518,21.9387
"09/18/2016",15,26,75.89,13,2.47,60.1,1011.3,47.0518,21.9387
"09/19/2016",16,18.9,91.5,14.7,10.63,71.4,1006.9,47.0518,21.9387
"09/20/2016",11,17,77.84,24.2,1.44,78.3,1008.5,47.0518,21.9387
"09/21/2016",6.9,17.9,70.42,22.3,0,46.7,1016.1,47.0518,21.9387
"09/22/2016",7,16.9,74.18,16.5,0.28,40.2,1020.5,47.0518,21.9387
"09/23/2016",6,20.9,69.14,16.5,0,29.2,1025,47.0518,21.9387
"09/24/2016",7,21,68.47,14.5,0,40.8,1025.6,47.0518,21.9387
"09/25/2016",9,20,67.39,16.6,0.03,48.1,1022.4,47.0518,21.9387
"09/26/2016",6,20.9,69.63,11,0,26.8,1021.7,47.0518,21.9387
"09/27/2016",8.9,21,68.01,9.4,0,25.9,1025.4,47.0518,21.9387
"09/28/2016",7,22.9,65.21,20.3,0,14.7,1028.2,47.0518,21.9387
"09/29/2016",11.9,24,59,25.9,0,24.2,1024.8,47.0518,21.9387
"09/30/2016",11,25.9,64.41,12.9,0,1.2,1020.3,47.0518,21.9387
"10/01/2016",11,24.9,68.35,18.3,0,28.8,1017.1,47.0518,21.9387
"10/02/2016",12,25,63.36,12.9,0,29.1,1015.7,47.0518,21.9387
"10/03/2016",12,17,90.65,18.3,8.37,90.7,1016.5,47.0518,21.9387
"10/04/2016",9.9,12,92.42,31.7,4.01,77.2,1016.2,47.0518,21.9387
"10/05/2016",5,10.9,71.53,29.4,3.16,68.3,1016.9,47.0518,21.9387
"10/06/2016",4.9,6.9,90.99,36.8,14.62,92.5,1015.9,47.0518,21.9387
"10/07/2016",5.9,12.9,81.26,18.3,3.12,72.2,1017.1,47.0518,21.9387
"10/08/2016",3,12.9,79.72,16.4,0,42.6,1017.9,47.0518,21.9387
"10/09/2016",2,14.9,74.61,14.7,0,27.4,1022.5,47.0518,21.9387
"10/10/2016",2,15,70.25,14.8,0,17.1,1021.7,47.0518,21.9387
"10/11/2016",6.9,10,84.26,9.4,1.04,87.7,1013.9,47.0518,21.9387
"10/12/2016",8.9,11,90.11,20.5,4.66,78.4,1008.4,47.0518,21.9387
"10/13/2016",7,10.9,89.33,16.5,2.35,89.8,1017.8,47.0518,21.9387
"10/14/2016",7,14.9,75.51,9.3,0,69.7,1023.4,47.0518,21.9387
"10/15/2016",8,18.9,74.01,12.9,0.03,60.6,1020.1,47.0518,21.9387
"10/16/2016",10.9,12.9,94,13,8.4,95.6,1020.8,47.0518,21.9387
"10/17/2016",9.9,11,94.2,13,7.66,91.2,1029.1,47.0518,21.9387
"10/18/2016",9,13.9,85.71,11.1,0,79.8,1027.4,47.0518,21.9387
"10/19/2016",8.9,12.9,81.71,9.3,0,97.5,1022.8,47.0518,21.9387
"10/20/2016",5,16.9,78.38,11.1,0,65.2,1018.9,47.0518,21.9387
"10/21/2016",9.9,14,87.86,9.4,1.21,89.9,1015.6,47.0518,21.9387
"10/22/2016",8,13.9,88.43,25.8,20.92,63.9,1016.3,47.0518,21.9387
"10/23/2016",4.9,15.9,84.05,11.1,0.03,54,1021.7,47.0518,21.9387
"10/24/2016",7,18.9,80.9,22.3,0,57.4,1024.2,47.0518,21.9387
"10/25/2016",13,18.9,73.04,22.2,0.19,92.1,1023.5,47.0518,21.9387
"10/26/2016",7,14.9,85.87,22.2,13.8,75.5,1022,47.0518,21.9387
"10/27/2016",3,11,79.78,16.5,0,48.1,1028.6,47.0518,21.9387
"10/28/2016",2,11.9,82.52,12.9,0,36,1033.7,47.0518,21.9387
"10/29/2016",5.9,8,86.57,27.8,0.28,79.9,1027.6,47.0518,21.9387
"10/30/2016",2,10.9,82.97,14.8,0.31,59,1023.8,47.0518,21.9387
"10/31/2016",-1,10,78.45,16.5,0.03,30.6,1026.6,47.0518,21.9387
"11/01/2016",2.9,10.9,71.68,16.6,0,72.2,1022.8,47.0518,21.9387
"11/02/2016",6.9,13.9,69.55,29.6,0.21,62.5,1014.9,47.0518,21.9387
"11/03/2016",0.7,10,77.26,20.7,0.79,65.1,1017.8,47.0518,21.9387
"11/04/2016",-1.1,7.9,76.66,18.4,0,36.5,1024.8,47.0518,21.9387
"11/05/2016",-2,12.9,69.19,22.6,0.13,67.3,1017.6,47.0518,21.9387
"11/06/2016",10.9,16.9,79.79,37.1,9.39,80.2,1003.3,47.0518,21.9387
"11/07/2016",6,17.9,82.94,39,6.98,80.8,1004.8,47.0518,21.9387
"11/08/2016",5,8.9,91.24,16.4,0.13,86.6,1008.7,47.0518,21.9387
"11/09/2016",2,6,95.32,13,4.61,88.5,1006.8,47.0518,21.9387
"11/10/2016",0,4.9,89.01,20.5,0,70.5,1012.7,47.0518,21.9387
"11/11/2016",1.9,10.9,69.12,14.6,0,32.6,1017.1,47.0518,21.9387
"11/12/2016",3.9,7,88.87,25.8,14.96,88.1,1013.5,47.0518,21.9387
"11/13/2016",-0.1,4,85.02,31.5,13.19,77.2,1018.1,47.0518,21.9387
"11/14/2016",-2,2.9,81.52,16.5,0.4,78.6,1032.2,47.0518,21.9387
"11/15/2016",-3.1,4,85.73,11,17.52,35,1034.6,47.0518,21.9387
"11/16/2016",0,2.9,80.07,13,12.97,95,1028.5,47.0518,21.9387
"11/17/2016",1.9,6,86.95,12.8,0.45,92.6,1022.3,47.0518,21.9387
"11/18/2016",2,14.9,68.96,24,0.03,23.6,1020.8,47.0518,21.9387
"11/19/2016",8,19.9,54.31,25.9,0,32.5,1019,47.0518,21.9387
"11/20/2016",4,17.9,62.81,27.7,0.06,14.3,1020.8,47.0518,21.9387
"11/21/2016",4,14.9,79.65,14.5,0,5.1,1022.6,47.0518,21.9387
"11/22/2016",2,15,82.31,11.1,0,0,1025.1,47.0518,21.9387
"11/23/2016",0,10,88.07,13,0,1.1,1027.3,47.0518,21.9387
"11/24/2016",-1,9.9,90.1,9.4,0,7,1025.2,47.0518,21.9387
"11/25/2016",-0.1,9.9,85.92,12.9,0.22,48.1,1021.1,47.0518,21.9387
"11/26/2016",2,9,87.6,11.1,0.03,6,1019.4,47.0518,21.9387
"11/27/2016",3,6.9,90.24,24,5.01,92.8,1011.8,47.0518,21.9387
"11/28/2016",-1,4,86.79,11.1,2.42,75.1,1017.1,47.0518,21.9387
"11/29/2016",-3,2,72.81,18.2,0,29.7,1028.1,47.0518,21.9387
"11/30/2016",-3,2.9,84.62,27.5,3.24,69.3,1029.9,47.0518,21.9387
"12/01/2016",-1.1,2.9,95.66,27.8,4.07,92.7,1019.2,47.0518,21.9387
"12/02/2016",-2,7,75.96,40.7,7.04,58.7,1007.8,47.0518,21.9387
"12/03/2016",-3,1.9,85.99,18.3,0,18,1023.3,47.0518,21.9387
"12/04/2016",-4,2.9,84.74,16.6,16.05,4.7,1031.6,47.0518,21.9387
"12/05/2016",-6,3.9,79.14,11.1,16.05,13.5,1033.9,47.0518,21.9387
"12/06/2016",-5,-0.1,89.18,12.9,16.05,62.9,1029.5,47.0518,21.9387
"12/07/2016",-3.1,-0.1,93.4,16.6,16.05,93.6,1039.1,47.0518,21.9387
"12/08/2016",-2.1,1,83.11,18.3,16.05,66.6,1039.2,47.0518,21.9387
"12/09/2016",-2,2.9,83.05,23.6,16.05,48.6,1030.4,47.0518,21.9387
"12/10/2016",1.9,6.9,80.99,24.1,12.91,95.4,1026.3,47.0518,21.9387
"12/11/2016",2.9,9.9,79.62,26,0,51.5,1017.8,47.0518,21.9387
"12/12/2016",-0.1,6.9,84.34,38.5,2.04,77.8,1015,47.0518,21.9387
"12/13/2016",-8,-0.1,71.75,33.2,0,0.7,1030.7,47.0518,21.9387
"12/14/2016",-8,-0.1,83.92,14.7,3.85,52.6,1028.7,47.0518,21.9387
"12/15/2016",-4,-1.1,94.39,7.5,0.29,92.1,1029.7,47.0518,21.9387
"12/16/2016",-9.1,-1.1,93.04,11.1,0,54.8,1037.4,47.0518,21.9387
"12/17/2016",-6.1,-3.1,93.74,18.4,15.33,96.5,1041.6,47.0518,21.9387
"12/18/2016",-4.1,-3.1,91.99,14.7,15.33,97,1036.8,47.0518,21.9387
"12/19/2016",-4.1,-2.1,94.39,12.9,15.33,96.1,1037.5,47.0518,21.9387
"12/20/2016",-4.1,-2.1,95.55,14.7,15.33,96.5,1036.5,47.0518,21.9387
"12/21/2016",-4,-3,97.89,11.1,15.33,95.6,1038.4,47.0518,21.9387
"12/22/2016",-4.1,-3,96.44,9.3,13.79,99,1038.1,47.0518,21.9387
"12/23/2016",-4.1,-3.1,94.63,11.1,13.79,97,1037.9,47.0518,21.9387
"12/24/2016",-5.1,-4.1,93.44,14.7,6.56,95.6,1034.6,47.0518,21.9387
"12/25/2016",-4.1,1,94.72,26,0.82,94.6,1026.5,47.0518,21.9387
"12/26/2016",1,4,94.63,20.5,0.23,95.1,1025.1,47.0518,21.9387
"12/27/2016",0.9,5.9,83.88,27.7,0.6,77.1,1025.5,47.0518,21.9387
"12/28/2016",-0.1,3.9,75.87,34.9,1.44,75.2,1026.9,47.0518,21.9387
"12/29/2016",-3,2,77.89,29.4,4.62,26.8,1035.9,47.0518,21.9387
"12/30/2016",-6,0.9,72.31,16.5,11.04,8.6,1038.6,47.0518,21.9387
"12/31/2016",-8.1,0.9,82.02,11.2,11.04,11.7,1035.4,47.0518,21.9387
"01/01/2017",-8,0.9,85.28,14.7,0,8.6,1027.9,47.0518,21.9387
"01/02/2017",-8,2.9,78.87,18.3,0,11.8,1020.6,47.0518,21.9387
"01/03/2017",-7,-2.1,92.63,29.5,0,85.1,1021.6,47.0518,21.9387
"01/04/2017",-2.1,0,85.12,35.4,2.67,63,1012.7,47.0518,21.9387
"01/05/2017",-5,1.9,80.39,38.8,0.12,48,1011,47.0518,21.9387
"01/06/2017",-13,-6,61.37,31.6,0,72.6,1024.6,47.0518,21.9387
"01/07/2017",-16,-12,59.67,22.3,0,6,1029.1,47.0518,21.9387
"01/08/2017",-17.1,-7.1,63.24,29.3,0.05,47.3,1025.5,47.0518,21.9387
"01/09/2017",-11.1,-5.1,59.07,29.3,0,59.3,1023,47.0518,21.9387
"01/10/2017",-15,-6.1,67.35,18.3,0,23,1024.5,47.0518,21.9387
"01/11/2017",-11,-5,76.46,24.1,0,66.3,1020.9,47.0518,21.9387
"01/12/2017",-10,-1.1,79.32,27.7,0.41,67.9,1017.2,47.0518,21.9387
"01/13/2017",-0.1,5.9,77.75,36.8,5.28,70.2,1005.9,47.0518,21.9387
"01/14/2017",-2.1,1,97.38,26,7.2,66.3,1002.3,47.0518,21.9387
"01/15/2017",-6,0,94.99,20.5,0.96,58.6,1017,47.0518,21.9387
"01/16/2017",-8,0,88.38,14.7,0,43.4,1021.5,47.0518,21.9387
"01/17/2017",-6,2.9,79.1,16.5,0,71.5,1024.4,47.0518,21.9387
"01/18/2017",-6,2,76.49,14.8,0,28.3,1032,47.0518,21.9387
"01/19/2017",-11,-1.1,80.18,9.3,0,0.1,1036.7,47.0518,21.9387
"01/20/2017",-12,-3.1,83.9,11.1,0,0,1038.8,47.0518,21.9387
"01/21/2017",-11,-3,87.21,9.4,0,45.2,1036.7,47.0518,21.9387
"01/22/2017",-10,-4.1,89.86,12.9,0,58.5,1036.5,47.0518,21.9387
"01/23/2017",-13.1,-1.1,88.97,11.1,0,0,1031.5,47.0518,21.9387
"01/24/2017",-13.1,-2.1,90,14.7,0,29.9,1025.9,47.0518,21.9387
"01/25/2017",-8.1,-5.1,92.97,11.1,0,80.4,1029.8,47.0518,21.9387
"01/26/2017",-13,-4,92.09,9.3,0,66.2,1034.5,47.0518,21.9387
"01/27/2017",-10.1,-5.1,92.96,12.9,0.07,95.7,1034.9,47.0518,21.9387
"01/28/2017",-9,-6.1,92.01,9.3,19.26,76,1030.5,47.0518,21.9387
"01/29/2017",-12.1,-3.1,89.11,11.1,0,25.3,1030.2,47.0518,21.9387
"01/30/2017",-13,-6,90.98,9.4,0.18,36.2,1030.1,47.0518,21.9387
"01/31/2017",-9.1,1.9,83.13,12.9,0,37.5,1026.8,47.0518,21.9387
"02/01/2017",1,5,78.53,11.1,0,80.8,1025.3,47.0518,21.9387
"02/02/2017",2.9,8.9,71.18,26,0.76,80.2,1022.1,47.0518,21.9387
"02/03/2017",6.9,9,81.33,31.7,3.95,86,1015,47.0518,21.9387
"02/04/2017",6,10,85.46,26,5.38,72.7,1010.5,47.0518,21.9387
"02/05/2017",2.9,7.9,91.33,24,2.89,59.2,1008.3,47.0518,21.9387
"02/06/2017",2,7.9,84.84,18.3,1.24,77.4,1010.2,47.0518,21.9387
"02/07/2017",-0.1,4,92.67,18.2,8.27,70.8,1013.2,47.0518,21.9387
"02/08/2017",-1.1,1.9,92.51,13,2.55,57.6,1022.6,47.0518,21.9387
"02/09/2017",-1.1,1.9,88.99,9.4,0,78.3,1029.2,47.0518,21.9387
"02/10/2017",-2.1,2,93.76,11,0,69,1030.5,47.0518,21.9387
"02/11/2017",-1.1,0,97.1,9.3,0.04,91.3,1031.2,47.0518,21.9387
"02/12/2017",-3.1,-1.1,97.64,7.5,0,96.5,1034.7,47.0518,21.9387
"02/13/2017",-4.1,-3.1,95.55,11.1,0,90.5,1037.4,47.0518,21.9387
"02/14/2017",-4.1,-2.1,95.27,14.7,0,92.5,1038.3,47.0518,21.9387
"02/15/2017",-3.1,0.9,90.19,11.1,0,61.9,1038.3,47.0518,21.9387
"02/16/2017",-5,1.9,90.65,11.1,0.04,5.1,1035.9,47.0518,21.9387
"02/17/2017",-4.1,-0.1,96.16,10.9,0.22,79.8,1026.7,47.0518,21.9387
"02/18/2017",-2.1,-0.1,95.11,9.4,0,92.1,1025,47.0518,21.9387
"02/19/2017",-1,0.9,93.12,11.1,0,91.4,1026.4,47.0518,21.9387
"02/20/2017",-1.1,0,97.67,20.5,0.03,83.5,1024.5,47.0518,21.9387
"02/21/2017",0.9,4.9,89.79,33.4,5.06,80.1,1015.2,47.0518,21.9387
"02/22/2017",2,9.9,82.67,31.6,0.46,62.6,1014,47.0518,21.9387
"02/23/2017",6,11.9,75.49,37,1.22,75,1009.4,47.0518,21.9387
"02/24/2017",6.9,10.9,66,38.9,0.29,63.4,1007.2,47.0518,21.9387
"02/25/2017",0,8.9,59.36,16.6,0,45.4,1020.2,47.0518,21.9387
"02/26/2017",-2,9.9,63.04,16.3,0,24.9,1023.6,47.0518,21.9387
"02/27/2017",1.9,12,66.56,12.9,0,70.7,1017.9,47.0518,21.9387
"02/28/2017",7,18.9,57.43,37.1,0,37.5,1009.1,47.0518,21.9387
"03/01/2017",5.9,15.9,76.62,37.1,6.66,70.1,1004.8,47.0518,21.9387
"03/02/2017",1,11.9,73.2,26,0.98,64.2,1015,47.0518,21.9387
"03/03/2017",3,13.9,59.07,20.5,0,44.5,1020.1,47.0518,21.9387
"03/04/2017",1,18.9,48.06,37,0,13.1,1014.6,47.0518,21.9387
"03/05/2017",12,16.9,49.37,33.4,0,77.9,1010.5,47.0518,21.9387
"03/06/2017",7,11.9,80.04,37,4.88,50.4,1006.5,47.0518,21.9387
"03/07/2017",3,11.9,79.42,18.4,1.03,68.8,1007.9,47.0518,21.9387
"03/08/2017",5.9,15.9,67.61,27.5,0,47.5,1016.4,47.0518,21.9387
"03/09/2017",2,11.9,83.07,16.5,0.55,40.1,1019.4,47.0518,21.9387
"03/10/2017",0,11.9,80.37,25.8,0.38,60.8,1014.2,47.0518,21.9387
"03/11/2017",4,11.9,59.07,31.5,0,56.4,1016.6,47.0518,21.9387
"03/12/2017",3,10.9,63.9,23.9,0.05,81.6,1015.5,47.0518,21.9387
"03/13/2017",3.9,13,62.78,23.9,0,49.3,1019.9,47.0518,21.9387
"03/14/2017",-0.1,11.9,69.29,18.2,0,29.5,1025.7,47.0518,21.9387
"03/15/2017",-1,11.9,67.71,14.6,0.11,43.9,1026.1,47.0518,21.9387
"03/16/2017",0,12.9,63.68,24.1,0.12,52.2,1021.9,47.0518,21.9387
"03/17/2017",-2,11.9,49.87,14.7,0,35.1,1018.3,47.0518,21.9387
"03/18/2017",6,8.9,78.68,29.6,11.44,62.1,1007.9,47.0518,21.9387
"03/19/2017",6.9,11.9,65.45,26,3.95,64.6,1007.8,47.0518,21.9387
"03/20/2017",6,15.9,76.78,31.7,2.42,64.2,1010.9,47.0518,21.9387
"03/21/2017",5,20.9,67.75,18.3,0.03,17.8,1012.3,47.0518,21.9387
"03/22/2017",7.9,23.9,62.3,35.3,0,12.2,1012.4,47.0518,21.9387
"03/23/2017",9.9,22.9,63.85,22.4,0.06,43.5,1017.2,47.0518,21.9387
"03/24/2017",8,22.9,63.39,27.3,0,40,1021,47.0518,21.9387
"03/25/2017",4,14.9,54.21,22.3,0,33.5,1023.3,47.0518,21.9387
"03/26/2017",5,10.9,48.43,35.1,0.03,37.5,1019,47.0518,21.9387
"03/27/2017",0.9,12.9,49.28,22.2,0,18.3,1025.8,47.0518,21.9387
"03/28/2017",1,18.9,54,16.6,0,4,1024,47.0518,21.9387
"03/29/2017",4,22.9,51.96,27.6,0,0,1021.6,47.0518,21.9387
"03/30/2017",7,17.9,50.49,25.9,0,27.4,1023.5,47.0518,21.9387
"03/31/2017",3,18,60.23,11.2,0,9.3,1026.6,47.0518,21.9387
"04/01/2017",4,22.9,53.76,12.9,0,5.4,1020.2,47.0518,21.9387
"04/02/2017",6,24,47.86,18,0,0,1018.6,47.0518,21.9387
"04/03/2017",7,24.9,43.5,14.7,0,15.7,1018,47.0518,21.9387
"04/04/2017",9,20,54.86,27.3,0.18,35.6,1016.7,47.0518,21.9387
"04/05/2017",5.9,17.9,74.49,18.1,1.14,40.3,1016.9,47.0518,21.9387
"04/06/2017",4,10,89.88,38.5,8.26,56.9,1012.4,47.0518,21.9387
"04/07/2017",3,9.9,75.47,23.8,2.16,39.9,1015.6,47.0518,21.9387
"04/08/2017",6,14,78.15,25.8,1.65,54.9,1017.9,47.0518,21.9387
"04/09/2017",2,17,62.19,16.5,0,4.3,1025.6,47.0518,21.9387
"04/10/2017",3,18.9,60.97,11.1,0,0,1022.8,47.0518,21.9387
"04/11/2017",7,17.9,68.73,25.7,1.25,46.4,1016.2,47.0518,21.9387
"04/12/2017",5,13.9,47.96,18.4,0,44.5,1020.5,47.0518,21.9387
"04/13/2017",6,15.9,60.21,26,0.21,65.5,1012.1,47.0518,21.9387
"04/14/2017",2,15,66.95,27.5,0,38.7,1014.4,47.0518,21.9387
"04/15/2017",2,15.9,66.89,14.8,0,47.8,1015.9,47.0518,21.9387
"04/16/2017",8.9,15.9,65.33,29.3,1.93,53,1012.4,47.0518,21.9387
"04/17/2017",2,13,52.53,18.4,0,35.5,1014.9,47.0518,21.9387
"04/18/2017",0.9,12.9,66.15,22.3,0.12,41.6,1013.5,47.0518,21.9387
"04/19/2017",3.9,8.9,81.17,24,7.78,69.8,1011.3,47.0518,21.9387
"04/20/2017",1.9,6,85.11,24.2,6.24,60,1016.8,47.0518,21.9387
"04/21/2017",1.9,9.9,56.9,31.5,0.06,56.4,1023.8,47.0518,21.9387
"04/22/2017",2.9,12,65,31.7,0,56,1019.2,47.0518,21.9387
"04/23/2017",4,11.9,71.76,24.3,1.34,40.7,1016.1,47.0518,21.9387
"04/24/2017",0.9,13.9,64.69,16.5,1.01,33.2,1021.4,47.0518,21.9387
"04/25/2017",5,20.9,46.36,35.3,0,47.1,1015.9,47.0518,21.9387
"04/26/2017",12,22.9,43.09,33.4,0,47,1012.7,47.0518,21.9387
"04/27/2017",13.7,24.9,46.2,38.9,0,60.5,1011.7,47.0518,21.9387
"04/28/2017",14,24.9,53.32,37,0.29,77,1008.5,47.0518,21.9387
"04/29/2017",7.9,15,81.55,18.4,7.07,51.7,1015,47.0518,21.9387
"04/30/2017",7.9,15,73.76,14.7,1.7,44.4,1018.4,47.0518,21.9387
"05/01/2017",5,21,71.52,11.1,0.07,44.8,1015.9,47.0518,21.9387
"05/02/2017",10,23.9,70.37,18.2,0.5,54,1015.9,47.0518,21.9387
"05/03/2017",14,26,65.51,14.5,1.55,41.3,1016,47.0518,21.9387
"05/04/2017",12,17.9,89.62,16.6,15.2,37.6,1018,47.0518,21.9387
"05/05/2017",9,20.9,86.75,16.6,0.9,43.5,1015.6,47.0518,21.9387
"05/06/2017",11.9,18.9,83.84,20.4,3.38,49.7,1013.5,47.0518,21.9387
"05/07/2017",11,20,82.24,16.4,21.05,47,1007.7,47.0518,21.9387
"05/08/2017",11,17,78.26,20.4,0.06,54.4,1006.1,47.0518,21.9387
"05/09/2017",7,12.9,61.79,31.5,0.06,51.4,1010.1,47.0518,21.9387
"05/10/2017",4,13,48.68,20.4,0,54.5,1014.6,47.0518,21.9387
"05/11/2017",4,22.9,57.39,25.9,0,30.9,1012.3,47.0518,21.9387
"05/12/2017",14.9,22.9,62.83,31.6,1.2,47.2,1007.8,47.0518,21.9387
"05/13/2017",12.9,18.9,88.74,31.5,16.7,54.1,1008.7,47.0518,21.9387
"05/14/2017",10,20.9,81.88,18.2,0,47.4,1017.3,47.0518,21.9387
"05/15/2017",9,22,69.54,13,0,17.6,1023.4,47.0518,21.9387
"05/16/2017",10,23,65.08,20.3,0,21.3,1024.8,47.0518,21.9387
"05/17/2017",11,24,58.14,20.4,0,19.6,1023.4,47.0518,21.9387
"05/18/2017",11,25,60.89,24.1,0,34.7,1020.1,47.0518,21.9387
"05/19/2017",12,25.9,62.72,11.1,0,20.9,1015.5,47.0518,21.9387
"05/20/2017",12,27,62.07,12.9,0,18.3,1011.9,47.0518,21.9387
"05/21/2017",15,24,57.95,25.9,0.12,18.5,1013.3,47.0518,21.9387
"05/22/2017",14.9,24,62.26,20.5,0,63.3,1015.4,47.0518,21.9387
"05/23/2017",11,25.9,60.93,13,0,30.5,1015.6,47.0518,21.9387
"05/24/2017",14.9,21,82.43,29.3,7.1,40.7,1015.3,47.0518,21.9387
"05/25/2017",12,20,71.67,16.6,2.85,48.8,1015,47.0518,21.9387
"05/26/2017",12,22.9,63.83,22.3,0.29,31.3,1015.5,47.0518,21.9387
"05/27/2017",11,22.9,61.58,22.2,0.15,23.4,1017.9,47.0518,21.9387
"05/28/2017",11,24,54.98,16.4,0,2.9,1022.5,47.0518,21.9387
"05/29/2017",12,25.9,61.24,18.4,0,24.2,1019.9,47.0518,21.9387
"05/30/2017",13,27.9,59.18,14.6,0,19.6,1015.5,47.0518,21.9387
"05/31/2017",16,27.9,64.19,16.4,0.62,56.1,1015.7,47.0518,21.9387
"06/01/2017",15,27.9,64.04,18.1,0,41,1016.7,47.0518,21.9387
"06/02/2017",12.9,27,50.29,14.7,0,9.5,1017.2,47.0518,21.9387
"06/03/2017",12,28.9,52.98,12.9,0,22.7,1015.2,47.0518,21.9387
"06/04/2017",13.9,29,58.8,20.3,0,19.1,1013.5,47.0518,21.9387
"06/05/2017",19,27.9,72.26,14.7,1.34,39.5,1013.4,47.0518,21.9387
"06/06/2017",16,29.9,66.81,18.4,0,36.4,1010.9,47.0518,21.9387
"06/07/2017",17.9,21,88.11,20.3,10.9,55,1012.9,47.0518,21.9387
"06/08/2017",12,19,78.97,22,9.87,50,1017.6,47.0518,21.9387
"06/09/2017",10,23.9,64.93,18.2,0,5,1018.2,47.0518,21.9387
"06/10/2017",11.9,26,64.28,22.1,0,17.4,1016.6,47.0518,21.9387
"06/11/2017",12.9,26.9,66.82,14.6,0,13.8,1017.9,47.0518,21.9387
"06/12/2017",14,26.9,68.05,18.1,0,31.4,1015.8,47.0518,21.9387
"06/13/2017",18.9,28,56.19,24,0,42.5,1012.1,47.0518,21.9387
"06/14/2017",13,23,56.64,18.4,0,27.5,1015,47.0518,21.9387
"06/15/2017",11,24,58.54,14.6,0,23.2,1018,47.0518,21.9387
"06/16/2017",11.9,27,62.26,23.9,1.62,34.4,1015.7,47.0518,21.9387
"06/17/2017",13,16.9,88.48,29.1,9.61,39,1014,47.0518,21.9387
"06/18/2017",12.9,23.9,75.02,29.3,1.36,47.3,1015.7,47.0518,21.9387
"06/19/2017",15,27,64.36,20.4,0,12,1020.3,47.0518,21.9387
"06/20/2017",13.9,29,67.12,9.5,0,1.2,1017.8,47.0518,21.9387
"06/21/2017",17,27.9,68.51,18.4,1.52,32.7,1013.8,47.0518,21.9387
"06/22/2017",16,31,66.05,14.6,0,24.5,1014.6,47.0518,21.9387
"06/23/2017",20.9,30.9,57.82,35.1,0.32,27.5,1011.1,47.0518,21.9387
"06/24/2017",15,29,56.97,13,0,3.5,1014.4,47.0518,21.9387
"06/25/2017",17,30,57.64,25.3,0.34,52.9,1013.3,47.0518,21.9387
"06/26/2017",18,27,72.99,23.9,5.64,38,1012.1,47.0518,21.9387
"06/27/2017",17.9,31,63.96,12.9,0.15,21.5,1012.3,47.0518,21.9387
"06/28/2017",20,33,55.11,23.9,0,16.2,1007.5,47.0518,21.9387
"06/29/2017",18.9,29,59.32,33.1,5.01,26.2,1003.4,47.0518,21.9387
"06/30/2017",18.9,31.9,50.62,33.3,0,36,1009.1,47.0518,21.9387
"07/01/2017",17,24,70.5,33.4,1.44,44.4,1011.3,47.0518,21.9387
"07/02/2017",14,28,61.24,20.1,0.03,25.1,1012.1,47.0518,21.9387
"07/03/2017",16.9,24,55.88,31.5,0,36.8,1013.9,47.0518,21.9387
"07/04/2017",10.9,26,49.45,16.6,0,23.7,1019.3,47.0518,21.9387
"07/05/2017",16,29.9,51.45,16.4,0,42.2,1019.2,47.0518,21.9387
"07/06/2017",18.9,29,54.98,20.5,4.45,25,1017.3,47.0518,21.9387
"07/07/2017",14,28.9,56.09,20.5,1.5,28.5,1018.4,47.0518,21.9387
"07/08/2017",16,30,66.46,20.2,2.67,37,1013.9,47.0518,21.9387
"07/09/2017",16,29,61.06,13,0.03,5.7,1015.4,47.0518,21.9387
"07/10/2017",19,35,50.05,20.2,0,38.8,1013.7,47.0518,21.9387
"07/11/2017",22,34.9,49.76,29.3,0.95,23,1011.6,47.0518,21.9387
"07/12/2017",18.9,29,66.49,14.7,1.71,23.7,1013.1,47.0518,21.9387
"07/13/2017",17,27.9,58.2,27.7,0,45.1,1012.3,47.0518,21.9387
"07/14/2017",13,24,47.98,18.3,0,24.7,1015.8,47.0518,21.9387
"07/15/2017",11,25.9,59.9,20.4,0,51.9,1014.2,47.0518,21.9387
"07/16/2017",11,24.9,58.58,25.7,0,24.7,1018.7,47.0518,21.9387
"07/17/2017",11,28,52.61,14.6,0.04,13.7,1020.6,47.0518,21.9387
"07/18/2017",14,30,45.86,14.7,0,3.4,1020.3,47.0518,21.9387
"07/19/2017",14,32.9,44.13,14.4,0,12.1,1017.5,47.0518,21.9387
"07/20/2017",17,34,44.86,20.1,0,5.6,1012.7,47.0518,21.9387
"07/21/2017",19,35,46.01,24,0,21.1,1012,47.0518,21.9387
"07/22/2017",17,31.9,56.39,16.6,0.04,5.5,1014.1,47.0518,21.9387
"07/23/2017",18,35,50.7,14.5,0,18.5,1012.8,47.0518,21.9387
"07/24/2017",19,33.9,62.4,47.1,4.74,22.2,1008.1,47.0518,21.9387
"07/25/2017",16,22,81.64,23.7,21.78,36.8,1002.5,47.0518,21.9387
"07/26/2017",13,25,63.24,16.5,0,25.3,1005.8,47.0518,21.9387
"07/27/2017",13,24,70.56,18.2,1.16,25.4,1007.8,47.0518,21.9387
"07/28/2017",13.9,27,69.11,14.8,0,25.5,1010.7,47.0518,21.9387
"07/29/2017",14,27,62.62,14.5,0.16,18,1016.2,47.0518,21.9387
"07/30/2017",15,31,55.17,11,0,19.6,1017.6,47.0518,21.9387
"07/31/2017",18,34,51.86,13,0,3.8,1017.4,47.0518,21.9387
"08/01/2017",20,36,50.03,13,0,2.5,1019.7,47.0518,21.9387
"08/02/2017",20,36,52.78,12.8,0,0.3,1018.5,47.0518,21.9387
"08/03/2017",21,37,47.86,20.4,0,0.4,1015.8,47.0518,21.9387
"08/04/2017",21,38,43.68,12.9,0,2.5,1012.7,47.0518,21.9387
"08/05/2017",22,37.9,47.65,20.5,0.03,30.9,1011.7,47.0518,21.9387
"08/06/2017",21.9,37,58.48,31.2,20.86,27.7,1012.3,47.0518,21.9387
"08/07/2017",18,21.9,85.3,27.8,12.23,72.5,1017.3,47.0518,21.9387
"08/08/2017",16,27.9,72.19,18.2,0,55.7,1018.5,47.0518,21.9387
"08/09/2017",20,34.9,64.07,11.2,0,4.1,1017.9,47.0518,21.9387
"08/10/2017",21,36,54.28,12.9,0,0,1016.5,47.0518,21.9387
"08/11/2017",21,35.9,49.08,20.4,0,0.1,1012.7,47.0518,21.9387
"08/12/2017",20,31,58.19,25.9,20.43,27.8,1009.3,47.0518,21.9387
"08/13/2017",16.6,22,80.33,27.6,27.02,64.1,1014.4,47.0518,21.9387
"08/14/2017",13,25.9,68.58,16.6,0,13.8,1019.2,47.0518,21.9387
"08/15/2017",15,29,65.59,16.6,0,6.4,1020.2,47.0518,21.9387
"08/16/2017",17,30,60.05,18.2,0,4.6,1018.8,47.0518,21.9387
"08/17/2017",18,31,57.38,13,0,12.1,1017.7,47.0518,21.9387
"08/18/2017",18,32.9,57.35,12.8,0,15.3,1017.7,47.0518,21.9387
"08/19/2017",18,34,50.97,16.5,0,4.4,1015.2,47.0518,21.9387
"08/20/2017",17.7,25.9,75.15,25.5,0.59,33.8,1015.4,47.0518,21.9387
"08/21/2017",14.9,22,67.37,23.9,0.29,58,1017.9,47.0518,21.9387
"08/22/2017",11,23,56.65,16.5,0,12.7,1018.4,47.0518,21.9387
"08/23/2017",12,22,60.48,14.4,0.31,33.7,1017.5,47.0518,21.9387
"08/24/2017",9,26,55.13,16.5,0,6.6,1019.7,47.0518,21.9387
"08/25/2017",13,31.9,45.63,22.3,0,29.5,1020.5,47.0518,21.9387
"08/26/2017",18,34,42.45,22.2,0,11.6,1017.9,47.0518,21.9387
"08/27/2017",17,36,42.19,24,0,13.3,1013.9,47.0518,21.9387
"08/28/2017",18,26,49.9,27.6,0.22,24.6,1014.9,47.0518,21.9387
"08/29/2017",13,25.9,51.37,22.3,0,7.9,1017.7,47.0518,21.9387
"08/30/2017",10,28,54.33,14.5,0,2.5,1018.5,47.0518,21.9387
"08/31/2017",12,30,52.13,14.6,0,0,1016.1,47.0518,21.9387
"09/01/2017",14,32,46.63,14.6,0,0.1,1012.5,47.0518,21.9387
"09/02/2017",18,29,55.98,18.3,0,39.1,1010.7,47.0518,21.9387
"09/03/2017",15.9,19,87.24,18.1,18.87,52.9,1007,47.0518,21.9387
"09/04/2017",13,18.9,88.63,16.6,24.06,47.8,1012.5,47.0518,21.9387
"09/05/2017",9,20.9,74.06,27.3,1.46,54.4,1018.5,47.0518,21.9387
"09/06/2017",13,23.9,66.72,14.6,0.19,57.1,1014.8,47.0518,21.9387
"09/07/2017",15.9,20,66.2,25.9,0.06,71.3,1014.2,47.0518,21.9387
"09/08/2017",10,23.9,61.3,9.4,0,21.6,1016.2,47.0518,21.9387
"09/09/2017",12,27,69.16,22.1,0,54.4,1009.8,47.0518,21.9387
"09/10/2017",15,28,66.37,25.9,0,32,1008.7,47.0518,21.9387
"09/11/2017",17,31,56.57,18.2,0,26.8,1006.4,47.0518,21.9387
"09/12/2017",15,21.9,77.86,33.6,0.78,51.6,1004.9,47.0518,21.9387
"09/13/2017",11.9,22,64.61,25.8,0.3,38.1,1015.6,47.0518,21.9387
"09/14/2017",15,26.9,49.13,27.8,0,15.6,1013.6,47.0518,21.9387
"09/15/2017",13,21.9,50.62,27.4,0.1,50,1015.6,47.0518,21.9387
"09/16/2017",11,29,59.97,25.9,0,8.4,1013.3,47.0518,21.9387
"09/17/2017",14,26.9,76.17,39.3,9.79,42.7,1011.4,47.0518,21.9387
"09/18/2017",9.9,20.9,72.91,24,0.22,40.2,1016.8,47.0518,21.9387
"09/19/2017",9,23,69.63,11.1,0,35.4,1011.7,47.0518,21.9387
"09/20/2017",11,19.9,83.71,20.5,5.94,43.7,1010.5,47.0518,21.9387
"09/21/2017",11,14,92.5,29.6,8.67,50.4,1010.1,47.0518,21.9387
"09/22/2017",11,17.9,79.39,18.3,2.72,47.8,1015.8,47.0518,21.9387
"09/23/2017",10.9,15.9,87.16,20.4,17.34,58.2,1017.9,47.0518,21.9387
"09/24/2017",9.9,16,86.22,13,0.45,60.4,1020.7,47.0518,21.9387
"09/25/2017",8.9,20.9,77.94,9.3,0.09,42.5,1022.5,47.0518,21.9387
"09/26/2017",12,22,67.64,20.5,0,56.5,1023.2,47.0518,21.9387
"09/27/2017",8,20,68.7,12.9,0,39.7,1026.7,47.0518,21.9387
"09/28/2017",9,19,70.03,11.2,0,33.1,1029.7,47.0518,21.9387
"09/29/2017",8,17,68.36,18.2,0,34.1,1029.1,47.0518,21.9387
"09/30/2017",6,18,63.94,11.2,0,23.9,1025.7,47.0518,21.9387
"10/01/2017",4,18.9,64.22,12.9,0,0,1025.3,47.0518,21.9387
"10/02/2017",4,19.9,66.53,11.1,0,0,1026.1,47.0518,21.9387
"10/03/2017",6,21.9,63.22,24.5,0,34.1,1020.6,47.0518,21.9387
"10/04/2017",11,16.9,79.92,22.3,1.86,61.6,1023.1,47.0518,21.9387
"10/05/2017",11,19.9,66.13,31.8,0.2,72.3,1015.1,47.0518,21.9387
"10/06/2017",9,17.9,65.58,31.6,0.22,61.2,1009.8,47.0518,21.9387
"10/07/2017",5,15,75.15,20.4,0,46.5,1015.6,47.0518,21.9387
"10/08/2017",2,13,79.57,23.9,0.71,40.7,1014.3,47.0518,21.9387
"10/09/2017",5,15.9,69.64,18.3,0.25,50.5,1015.9,47.0518,21.9387
"10/10/2017",5,15.9,66.32,27.7,0.36,41.8,1020.3,47.0518,21.9387
"10/11/2017",10.9,17.9,60.36,27.6,0.23,69.7,1022.8,47.0518,21.9387
"10/12/2017",9,20.9,62.26,25.9,0,32.3,1022.2,47.0518,21.9387
"10/13/2017",9,19,68.67,27.5,0,32.6,1023.3,47.0518,21.9387
"10/14/2017",6,18,74.14,12.7,0,24.8,1027.2,47.0518,21.9387
"10/15/2017",6,19.9,73.77,14.8,0,5.6,1029.3,47.0518,21.9387
"10/16/2017",7,23,73.93,11.1,0,8.1,1029.1,47.0518,21.9387
"10/17/2017",9,24,73.68,12.8,0,0,1026.6,47.0518,21.9387
"10/18/2017",9,25,68.17,12.9,0,33.1,1020.3,47.0518,21.9387
"10/19/2017",9.9,23.9,62.5,22.3,0,12.8,1016.8,47.0518,21.9387
"10/20/2017",6,21.9,70.15,12.9,0,0,1018.4,47.0518,21.9387
"10/21/2017",8,16.9,72.05,20.5,0.22,49.6,1017.6,47.0518,21.9387
"10/22/2017",6,14.9,88.22,14.6,0.27,60.9,1015.5,47.0518,21.9387
"10/23/2017",9.9,13,89.07,18.4,10.45,65.1,1006.6,47.0518,21.9387
"10/24/2017",7,12,77.99,35.3,7.33,67,1013.3,47.0518,21.9387
"10/25/2017",3,13.9,80.39,22.5,0,44.1,1024.7,47.0518,21.9387
"10/26/2017",8.9,13.9,79.72,27.7,0.03,69.7,1025.9,47.0518,21.9387
"10/27/2017",9,14,85.09,31.6,13.12,56.9,1015.5,47.0518,21.9387
"10/28/2017",4.9,11,84.18,16.6,0.46,55.9,1013.9,47.0518,21.9387
"10/29/2017",6.9,9.9,79.3,46.2,9.54,58.6,1000,47.0518,21.9387
"10/30/2017",1,9,71.85,36.9,1.19,23.7,1010.4,47.0518,21.9387
"10/31/2017",-2,7.9,78.82,13,0.03,18.7,1023.5,47.0518,21.9387
"11/01/2017",-1,8.9,80.03,27.6,0,40.8,1025.4,47.0518,21.9387
"11/02/2017",6.9,13.9,61.54,24.1,0,57.7,1019.2,47.0518,21.9387
"11/03/2017",6.9,11,83.34,25.8,1.52,55.5,1015.9,47.0518,21.9387
"11/04/2017",3,13,82.27,14.5,0.03,30,1022.4,47.0518,21.9387
"11/05/2017",3,15.9,72.24,13,0,4,1019.5,47.0518,21.9387
"11/06/2017",2,13.9,74.08,14.5,0,10.2,1017.3,47.0518,21.9387
"11/07/2017",1.9,14.9,71.09,16.5,0,2.7,1020.6,47.0518,21.9387
"11/08/2017",5,11.9,80.72,12.8,0.67,64.7,1019.7,47.0518,21.9387
"11/09/2017",8,10.9,94.21,9.3,2.9,60.6,1022.3,47.0518,21.9387
"11/10/2017",6,9,91.81,20.4,0.54,74.2,1021.9,47.0518,21.9387
"11/11/2017",7,11.9,78.58,25.9,0.81,64.3,1015,47.0518,21.9387
"11/12/2017",7.9,12.9,76.56,29.5,0.96,66.1,1008.1,47.0518,21.9387
"11/13/2017",6,13.9,79.05,22.3,1.82,68.5,1002.3,47.0518,21.9387
"11/14/2017",4,6,81.29,25.8,4.93,69,1017.5,47.0518,21.9387
"11/15/2017",1.9,9,76.54,12.9,0.02,69.2,1026.2,47.0518,21.9387
"11/16/2017",3,9.9,89.45,16.5,0,54,1025.6,47.0518,21.9387
"11/17/2017",4,7,92.69,9.4,0.09,76.6,1022.5,47.0518,21.9387
"11/18/2017",5,6,92.78,9.4,1.17,61.8,1018.8,47.0518,21.9387
"11/19/2017",2,7.9,84.28,18.3,0.5,44.8,1014.4,47.0518,21.9387
"11/20/2017",0,5.9,85.19,20.5,0.45,32,1015.7,47.0518,21.9387
"11/21/2017",0,3.9,89.82,22.3,1.59,56.9,1017.5,47.0518,21.9387
"11/22/2017",3.9,8.9,90.89,22.2,5.95,52.2,1016.1,47.0518,21.9387
"11/23/2017",1,11.9,86.94,22.2,0,34.2,1019.4,47.0518,21.9387
"11/24/2017",6,11.9,83.97,11,0,91.9,1020.6,47.0518,21.9387
"11/25/2017",2,11.9,81.26,25.8,0,45.2,1018.4,47.0518,21.9387
"11/26/2017",3,11,84.31,25.8,11.23,70.3,1014.1,47.0518,21.9387
"11/27/2017",-0.1,5,80.23,23.9,6.8,48.5,1019.7,47.0518,21.9387
"11/28/2017",-3,5,84.16,11,0,24.1,1018.1,47.0518,21.9387
"11/29/2017",-3.1,5.9,80.5,12.8,0,57.6,1014.1,47.0518,21.9387
"11/30/2017",2,7,82.42,37.2,9.66,68.2,1004.2,47.0518,21.9387
"12/01/2017",0.9,3,88.46,20.3,0.24,66.2,1013.7,47.0518,21.9387
"12/02/2017",0.9,2,88.1,25.7,0.49,81.6,1018.8,47.0518,21.9387
"12/03/2017",-0.1,2,96.06,31.6,6.43,76.8,1018.8,47.0518,21.9387
"12/04/2017",-0.1,0.9,89.19,24.1,2,53.4,1023.3,47.0518,21.9387
"12/05/2017",-1,1,94.09,24.1,1.37,67.8,1027.8,47.0518,21.9387
"12/06/2017",1,6,85.97,27.5,1.83,68.5,1027.5,47.0518,21.9387
"12/07/2017",0,4.9,84.43,31.5,0.05,38.7,1027.4,47.0518,21.9387
"12/08/2017",0,8.9,68.93,33.3,0.18,78.8,1017.5,47.0518,21.9387
"12/09/2017",0,6.9,91.16,24,13.28,55,1006.5,47.0518,21.9387
"12/10/2017",-1,0.9,83.32,33.4,0.41,58.5,1012.3,47.0518,21.9387
"12/11/2017",1,11.9,65.52,42.4,1.96,79.9,1007.9,47.0518,21.9387
"12/12/2017",10,16.9,53.18,40.7,0,88.7,1009.9,47.0518,21.9387
"12/13/2017",3.9,10.9,87.26,16.5,5.61,65.6,1016.3,47.0518,21.9387
"12/14/2017",3,7,87.08,29.5,2.62,68.6,1010.3,47.0518,21.9387
"12/15/2017",6,10,90.74,24.2,21.02,51.4,1004.1,47.0518,21.9387
"12/16/2017",2.9,9,92.63,37.1,17.39,61.6,1002.9,47.0518,21.9387
"12/17/2017",0.9,3,80.96,20.4,0.43,77.8,1016.5,47.0518,21.9387
"12/18/2017",-1.1,3,81.02,18.2,0,52.5,1021.3,47.0518,21.9387
"12/19/2017",-4,1,81.79,14.5,0,59.9,1029.1,47.0518,21.9387
"12/20/2017",-3,0,87.09,7.5,0,68.9,1033,47.0518,21.9387
"12/21/2017",-3,-1,89.78,20.4,0.06,63.9,1033.8,47.0518,21.9387
"12/22/2017",-2.1,0,87.14,24.1,0.39,81.3,1030.6,47.0518,21.9387
"12/23/2017",-1,1,95.99,29.6,0.18,85.3,1026.7,47.0518,21.9387
"12/24/2017",1.9,6.9,88.47,31.6,0.98,74.6,1021.9,47.0518,21.9387
"12/25/2017",2,8,85.59,26,0,23.7,1024,47.0518,21.9387
"12/26/2017",0,9.9,76.32,22.3,0,16.9,1018,47.0518,21.9387
"12/27/2017",7.9,12.9,60.84,27.6,0.19,49,1006.7,47.0518,21.9387
"12/28/2017",7,13.9,54.46,27.5,0.07,52.4,996.4,47.0518,21.9387
"12/29/2017",1,8,86.69,24.1,2.73,68.5,1005.8,47.0518,21.9387
"12/30/2017",-1,4,82.82,18.3,0.07,48.3,1016.2,47.0518,21.9387
"12/31/2017",-0.1,5,78.36,29.4,1.71,78.1,1017.3,47.0518,21.9387
"01/01/2018",4.9,9.9,76.29,22.3,0.71,70.1,1013.6,47.0518,21.9387
"01/02/2018",4,5.9,92.14,14.7,2.36,91.5,1007.8,47.0518,21.9387
"01/03/2018",2,4.9,89.44,31.6,1.56,79.5,1009.4,47.0518,21.9387
"01/04/2018",2,7.9,86.35,27.7,2.78,48.8,1006.7,47.0518,21.9387
"01/05/2018",2.9,7,80.73,27.7,1.28,67.9,1009.4,47.0518,21.9387
"01/06/2018",5.9,11.9,67.21,24.1,0,79.4,1014.6,47.0518,21.9387
"01/07/2018",9,13.9,67.38,22.4,0,81.7,1021.6,47.0518,21.9387
"01/08/2018",5,15,80.96,11,0,69.4,1028.3,47.0518,21.9387
"01/09/2018",3,11,89.24,7.8,0,82.3,1029,47.0518,21.9387
"01/10/2018",2,8.9,87.24,11.2,0,75.3,1020,47.0518,21.9387
"01/11/2018",0.9,7,89.93,9.4,0,75.3,1015.6,47.0518,21.9387
"01/12/2018",0,5,91.22,12.8,0,77,1022,47.0518,21.9387
"01/13/2018",0,3.9,93.3,18.2,6.89,94,1027.4,47.0518,21.9387
"01/14/2018",-1,1,80.09,12.9,0.03,92.2,1029.9,47.0518,21.9387
"01/15/2018",-2,0,80.2,14.8,0.02,90.2,1028.6,47.0518,21.9387
"01/16/2018",-2.1,3.9,88.57,27.7,1.91,87.6,1013.3,47.0518,21.9387
"01/17/2018",0,5.9,89.47,31.5,1.64,83.8,999.3,47.0518,21.9387
"01/18/2018",-0.1,3.9,80.5,35.3,0,56.9,1009.1,47.0518,21.9387
"01/19/2018",1.9,4.9,76.49,38.9,2.68,83.9,1008.8,47.0518,21.9387
"01/20/2018",-0.1,3,89.54,22.3,0.25,69.1,1013.5,47.0518,21.9387
"01/21/2018",-1,4,83.62,16.5,1.27,80.1,1007.7,47.0518,21.9387
"01/22/2018",-3,1.9,87.8,20.3,1.68,59.1,1014.4,47.0518,21.9387
"01/23/2018",-3.1,2,86.33,14.6,7.7,38.1,1024.2,47.0518,21.9387
"01/24/2018",-4.1,2.9,80.63,18.3,7.7,69.5,1034.4,47.0518,21.9387
"01/25/2018",-2,5.9,72.76,14.7,6.16,39.4,1030,47.0518,21.9387
"01/26/2018",-2,9.9,74.85,11.2,3.08,2.4,1025.3,47.0518,21.9387
"01/27/2018",-1,9,68.35,12.9,0,51,1030.8,47.0518,21.9387
"01/28/2018",0.9,3.9,86.82,35.2,0,91.6,1033.9,47.0518,21.9387
"01/29/2018",1,6.9,90.7,33.4,0.22,64,1029,47.0518,21.9387
"01/30/2018",0.9,10.9,72.16,31.6,0,12,1023.2,47.0518,21.9387
"01/31/2018",-3,6.9,75.45,22.2,0,26.2,1023.9,47.0518,21.9387
"02/01/2018",4.9,10.9,56.09,35.3,0,83.7,1011.5,47.0518,21.9387
"02/02/2018",7.9,13.9,58.43,31.7,0.5,88.8,1007.1,47.0518,21.9387
"02/03/2018",1.9,7,93.64,31.3,19.87,93,1002.4,47.0518,21.9387
"02/04/2018",0,3,89.66,25.9,1.62,83.5,1012.2,47.0518,21.9387
"02/05/2018",-2,1.9,90.99,20.4,0.88,81.3,1023.9,47.0518,21.9387
"02/06/2018",-2.1,4,83.17,14.7,0.28,67.1,1022.7,47.0518,21.9387
"02/07/2018",-0.1,9.9,69.88,14.8,0.03,78.3,1015,47.0518,21.9387
"02/08/2018",0,5.9,91.19,22.2,7.89,92.6,1011.6,47.0518,21.9387
"02/09/2018",0,3,95.25,12.9,4.27,93.5,1016.9,47.0518,21.9387
"02/10/2018",1.9,4,87.32,18.2,0.1,91.4,1016,47.0518,21.9387
"02/11/2018",-1,4,80.51,18.2,0,62.3,1011.8,47.0518,21.9387
"02/12/2018",-1,5,75.73,9.3,0,87.6,1013.2,47.0518,21.9387
"02/13/2018",-0.1,4.9,75.99,9.4,0.13,85.8,1013.8,47.0518,21.9387
"02/14/2018",0.9,3.9,91.13,9.3,2.54,95,1012.3,47.0518,21.9387
"02/15/2018",0.9,3,88.52,9.4,0.37,95.9,1021.8,47.0518,21.9387
"02/16/2018",1,4.9,81.78,14.7,0.35,90.4,1027.7,47.0518,21.9387
"02/17/2018",-1,5.9,84.29,14.7,0,84,1026.7,47.0518,21.9387
"02/18/2018",0,4,83.64,22.1,4.35,82.3,1022.1,47.0518,21.9387
"02/19/2018",-2,7,65.63,18.4,0.65,10.5,1023,47.0518,21.9387
"02/20/2018",0.9,4.9,82.92,14.2,0.78,89.5,1015.6,47.0518,21.9387
"02/21/2018",1.7,5.6,93.99,21.2,0.59,93.9,1014.8,47.0518,21.9387
"02/22/2018",-0.1,5.9,81.76,24.8,0.29,73.5,1015.1,47.0518,21.9387
"02/23/2018",-1,4.9,89.33,23.9,0.4,88.4,1016.8,47.0518,21.9387
"02/24/2018",-5,0.9,63.94,27.5,0.69,40.2,1017.6,47.0518,21.9387
"02/25/2018",-9,-3,56.28,25.7,0,5.6,1021.9,47.0518,21.9387
"02/26/2018",-9,-2.1,59.24,25.6,0.02,59.4,1017.5,47.0518,21.9387
"02/27/2018",-10,-3,87.43,18.4,2.08,95.4,1011.9,47.0518,21.9387
"02/28/2018",-12,-5,74.55,22.4,1.45,76,1017.9,47.0518,21.9387
"03/01/2018",-13.1,-4,64.45,13,0.05,61.1,1021.5,47.0518,21.9387
"03/02/2018",-5,-0.1,86.09,14.7,7.76,95.9,1004.9,47.0518,21.9387
"03/03/2018",-5,-1,89.24,18.4,6.41,92.5,1001.7,47.0518,21.9387
"03/04/2018",-10,-2,65.84,22.3,0.25,48.4,1009.2,47.0518,21.9387
"03/05/2018",-11,6,71.72,16.4,16.93,26.3,1008.5,47.0518,21.9387
"03/06/2018",2,5,82.21,14.7,6.73,90.4,998.5,47.0518,21.9387
"03/07/2018",1.9,5.9,92.83,29.5,4.41,83.1,999.7,47.0518,21.9387
"03/08/2018",0.9,11.9,88.25,16.6,0.41,55.6,1007.2,47.0518,21.9387
"03/09/2018",1.9,10.9,81.54,37,0.65,76.1,1014.8,47.0518,21.9387
"03/10/2018",6.9,12.9,69.26,25.9,0,83.7,1013.3,47.0518,21.9387
"03/11/2018",8,15.9,64.49,27.6,0.03,75.9,1011.3,47.0518,21.9387
"03/12/2018",10,18.9,60.88,42.4,6.01,71.8,1004,47.0518,21.9387
"03/13/2018",6.9,13.9,82.61,18.2,0.65,53.4,1003.9,47.0518,21.9387
"03/14/2018",4,12.9,77.38,18.4,0,62.6,1008,47.0518,21.9387
"03/15/2018",2,10.9,76.83,18.3,0.36,49.7,1010.9,47.0518,21.9387
"03/16/2018",4,12.9,77,29.3,2.81,76.3,1005.2,47.0518,21.9387
"03/17/2018",2,9.9,90.91,37.1,12.33,80.8,1002.1,47.0518,21.9387
"03/18/2018",-3,2,94.26,35.2,6.29,99.8,1002.6,47.0518,21.9387
"03/19/2018",-3.1,1.9,92.04,14.6,2.38,95.4,1007.4,47.0518,21.9387
"03/20/2018",-3.1,-0.1,92.02,18.4,4.92,94,1010,47.0518,21.9387
"03/21/2018",-3,1,70.07,23.8,6.41,73.4,1020.1,47.0518,21.9387
"03/22/2018",-8,2.9,63.86,18.3,4.62,36.3,1021.1,47.0518,21.9387
"03/23/2018",-2.1,0,88.38,12.9,2.29,89.4,1006.2,47.0518,21.9387
"03/24/2018",-2,5.9,83.44,9.3,0.38,83.3,1008.2,47.0518,21.9387
"03/25/2018",1,10.9,71.06,10.9,0,53.4,1013.7,47.0518,21.9387
"03/26/2018",0,8.6,79.29,11,0,67.2,1012.3,47.0518,21.9387
"03/27/2018",4,7.9,87.87,13,2.38,82.3,1012.6,47.0518,21.9387
"03/28/2018",2,11,76.53,20.4,0.32,60.3,1013,47.0518,21.9387
"03/29/2018",4,11,70.64,35.2,2.02,59.4,1010.5,47.0518,21.9387
"03/30/2018",7,16.9,76.72,27.6,2.2,68.6,1012.1,47.0518,21.9387
"03/31/2018",10.9,20.9,51.12,37.1,0.06,72.6,1004.1,47.0518,21.9387
"04/01/2018",5,15,86.66,34.8,13.87,89.8,997.5,47.0518,21.9387
"04/02/2018",4.9,12,68.22,31.7,0.99,47.7,1011.5,47.0518,21.9387
"04/03/2018",4,18.9,54.57,35.3,0,26,1017.2,47.0518,21.9387
"04/04/2018",7,19.9,53.09,29.4,0,49.8,1015.7,47.0518,21.9387
"04/05/2018",10,20.9,59.9,27.5,0,54.7,1012.2,47.0518,21.9387
"04/06/2018",9.9,13.9,84.18,27.5,5.81,94.4,1016.6,47.0518,21.9387
"04/07/2018",9,17.9,79.56,14.8,0.75,69.8,1022.3,47.0518,21.9387
"04/08/2018",7.9,22.9,73.41,13,0,5.1,1020.6,47.0518,21.9387
"04/09/2018",8.9,24,56.6,14.8,0,0.1,1014.4,47.0518,21.9387
"04/10/2018",11.9,22,64.54,23.7,0.2,34.4,1011.8,47.0518,21.9387
"04/11/2018",11,24,57.34,24.1,0,48.6,1011.3,47.0518,21.9387
"04/12/2018",10,25,58.13,14.7,0,0.2,1009.8,47.0518,21.9387
"04/13/2018",13,22,62.2,15.3,0.83,45.4,1012.9,47.0518,21.9387
"04/14/2018",9,24,59.72,12.8,0,27.8,1021.2,47.0518,21.9387
"04/15/2018",12,26,55.74,12.9,0,72.4,1018.6,47.0518,21.9387
"04/16/2018",14,24,58.28,24.1,0,85.8,1014.4,47.0518,21.9387
"04/17/2018",13.9,21,69.82,24,0,86.2,1018.4,47.0518,21.9387
"04/18/2018",13,21.9,61.01,25.8,0.64,65.8,1025.9,47.0518,21.9387
"04/19/2018",7,22.9,62.22,18.3,0,4.3,1026.6,47.0518,21.9387
"04/20/2018",10,20,46.39,27.5,0,6.3,1023.2,47.0518,21.9387
"04/21/2018",5.9,22.9,58.76,16.3,0,0,1021.2,47.0518,21.9387
"04/22/2018",9,25,58.45,20.3,0,0.3,1015.9,47.0518,21.9387
"04/23/2018",12,26,57.1,27.1,0,22.9,1014,47.0518,21.9387
"04/24/2018",12,22,77.55,25.8,2.65,43.5,1015.1,47.0518,21.9387
"04/25/2018",12,24.9,69.97,18.3,0.03,7.3,1014.8,47.0518,21.9387
"04/26/2018",15,24.9,59.43,29.4,0,17.3,1011.9,47.0518,21.9387
"04/27/2018",10,19,57.33,22.1,0.03,58.2,1018.2,47.0518,21.9387
"04/28/2018",8,27,59.9,12.9,0,6.5,1017.2,47.0518,21.9387
"04/29/2018",14,29,57.72,11.2,0.54,32,1014.4,47.0518,21.9387
"04/30/2018",14,26.9,52.76,25.7,0,13.1,1011,47.0518,21.9387
"05/01/2018",14.9,27.9,53.88,20.3,0,25.1,1012.3,47.0518,21.9387
"05/02/2018",14.9,30,59.73,13,0,23,1011.6,47.0518,21.9387
"05/03/2018",11.9,28,51.33,14.5,0,1.1,1009.6,47.0518,21.9387
"05/04/2018",13.9,29,52.53,12.9,0,26.9,1011.6,47.0518,21.9387
"05/05/2018",16.9,29,53.44,25.9,2.21,17.6,1013.8,47.0518,21.9387
"05/06/2018",15.9,26.9,51.65,25.8,0,21.4,1014.6,47.0518,21.9387
"05/07/2018",13.9,24,38.29,27.5,0,9.4,1014.3,47.0518,21.9387
"05/08/2018",11,24.9,51.05,22.2,0,19.4,1008.8,47.0518,21.9387
"05/09/2018",15,26,62.07,29,0.28,62.1,1006.2,47.0518,21.9387
"05/10/2018",12.9,24,59.87,14.7,0,45.7,1009.6,47.0518,21.9387
"05/11/2018",11.9,27.9,57.83,14.6,1.27,43.4,1014.9,47.0518,21.9387
"05/12/2018",12.9,26,51.92,22.2,0,23.4,1013.9,47.0518,21.9387
"05/13/2018",11,25,43.64,23.8,0,20,1011.1,47.0518,21.9387
"05/14/2018",10.9,22.9,48.94,23.9,0,49.9,1010.7,47.0518,21.9387
"05/15/2018",12.9,17.9,82.94,20.4,10.42,63.5,1011.9,47.0518,21.9387
"05/16/2018",11.9,16.9,87.41,22.4,18.07,79.5,1011.2,47.0518,21.9387
"05/17/2018",10.9,20.9,77.08,27.5,4.69,49.3,1013.7,47.0518,21.9387
"05/18/2018",12.9,21.9,77.93,22.2,0.65,63.7,1013.8,47.0518,21.9387
"05/19/2018",12.9,21,73.55,23.8,1.13,52.1,1015.5,47.0518,21.9387
"05/20/2018",11.1,23,63.59,22.2,0.03,8,1018.6,47.0518,21.9387
"05/21/2018",13,23.9,75.03,16.5,5.97,58.3,1017.9,47.0518,21.9387
"05/22/2018",14,25,70.71,11,0.41,68,1017.3,47.0518,21.9387
"05/23/2018",14,26,66.18,13,0,51.6,1018.3,47.0518,21.9387
"05/24/2018",15,26.9,72.85,22,1.35,15.7,1016.5,47.0518,21.9387
"05/25/2018",13.9,26,73.17,14.6,0.09,23,1016,47.0518,21.9387
"05/26/2018",15,27,72.91,18,1.91,53.8,1020,47.0518,21.9387
"05/27/2018",16,27.9,74.98,10.9,1.97,58.5,1020.5,47.0518,21.9387
"05/28/2018",15,27,77.02,13.1,1.25,20.9,1020.5,47.0518,21.9387
"05/29/2018",15,28,60.02,11.1,0,5.6,1020.2,47.0518,21.9387
"05/30/2018",14,29,52.34,13,0,20,1017.9,47.0518,21.9387
"05/31/2018",14,30,56.3,12.9,0,24.4,1016.2,47.0518,21.9387
"06/01/2018",15.9,31,55.18,11,0,28.8,1015.4,47.0518,21.9387
"06/02/2018",17,26.9,67.67,21.8,4.86,49.4,1015.5,47.0518,21.9387
"06/03/2018",15.9,27,77,32.8,6.3,55.7,1014.2,47.0518,21.9387
"06/04/2018",16,26,79.01,12.7,2.79,58.2,1011.2,47.0518,21.9387
"06/05/2018",15.2,28.9,74.03,11.2,0,21.7,1008.3,47.0518,21.9387
"06/06/2018",17,27,75,18.4,0.31,45,1012.5,47.0518,21.9387
"06/07/2018",16,27,70.03,22.2,3.9,41.4,1016.7,47.0518,21.9387
"06/08/2018",16.9,29,76.65,13,2.85,18,1015.6,47.0518,21.9387
"06/09/2018",18.5,30,73.18,26.1,1.64,39.7,1010.3,47.0518,21.9387
"06/10/2018",16.6,28,74.9,14.4,0.52,52.9,1010.6,47.0518,21.9387
"06/11/2018",18,29,77.79,32.8,0.59,43.5,1010.3,47.0518,21.9387
"06/12/2018",19.1,32,68.83,29.3,6.7,24.5,1006.7,47.0518,21.9387
"06/13/2018",16.9,25,83.29,25.6,10.37,62.3,1005.3,47.0518,21.9387
"06/14/2018",17.5,23,88.27,23.9,2.37,81.1,1006.7,47.0518,21.9387
"06/15/2018",16.9,25,82.08,20.4,3.86,61.2,1008.5,47.0518,21.9387
"06/16/2018",16.6,26.9,79.94,14.6,0.79,52.7,1010.2,47.0518,21.9387
"06/17/2018",16.5,27.9,71.17,16.5,2.35,46.3,1011,47.0518,21.9387
"06/18/2018",17.9,23.9,82.25,18.3,0.19,68.4,1012.6,47.0518,21.9387
"06/19/2018",17.1,29,70.48,9.6,0.11,28.2,1016.8,47.0518,21.9387
"06/20/2018",17.7,31,68.84,12.9,0,18.7,1019.8,47.0518,21.9387
"06/21/2018",18,30.9,73.14,18.3,0,38.5,1015.8,47.0518,21.9387
"06/22/2018",12.9,22,75.71,25.8,7.23,76.6,1013,47.0518,21.9387
"06/23/2018",9.7,19,77.72,20.4,2.56,67.6,1017.9,47.0518,21.9387
"06/24/2018",8.1,22,67.15,16.4,0.28,41.6,1017.8,47.0518,21.9387
"06/25/2018",11.2,24,60.4,12.9,0.09,46.5,1017.8,47.0518,21.9387
"06/26/2018",12,25,58.43,14.5,1.59,35.7,1017.4,47.0518,21.9387
"06/27/2018",15.9,19,85.39,22.3,6.01,54.6,1014.2,47.0518,21.9387
"06/28/2018",15,24,88.63,16.6,2.04,67.2,1007.7,47.0518,21.9387
"06/29/2018",17.1,27,82.99,24,6.44,53.6,1003.8,47.0518,21.9387
"06/30/2018",15,24,71.13,29.3,0,42.8,1005.7,47.0518,21.9387
"07/01/2018",10.1,20.9,63.77,20.5,0,33.5,1014.5,47.0518,21.9387
"07/02/2018",10,23,58.47,14.7,1.74,26.2,1016.9,47.0518,21.9387
"07/03/2018",11,26,50.59,14.6,0,15.7,1016.7,47.0518,21.9387
"07/04/2018",11,28,51.05,12.9,0,26.1,1016,47.0518,21.9387
"07/05/2018",16,30,54.9,16.4,0.63,46.6,1013.4,47.0518,21.9387
"07/06/2018",16,30.9,58.11,14.9,0.08,30.1,1011.4,47.0518,21.9387
"07/07/2018",17.7,26.9,76.29,22.4,0.82,57.7,1012.7,47.0518,21.9387
"07/08/2018",16,27.9,75.67,22.3,6.19,65,1013.4,47.0518,21.9387
"07/09/2018",16.2,24,92.92,11.2,5.52,76.3,1014.2,47.0518,21.9387
"07/10/2018",16,27,82.74,16.4,2.29,55.7,1013.2,47.0518,21.9387
"07/11/2018",16.5,27.9,80.44,14.5,0.71,47.2,1012.9,47.0518,21.9387
"07/12/2018",17,27,73.58,14.6,0.03,46.3,1015,47.0518,21.9387
"07/13/2018",15.6,27,64.18,24,0,32.8,1015.7,47.0518,21.9387
"07/14/2018",15,27.9,68.5,22.2,4.85,17.9,1014.7,47.0518,21.9387
"07/15/2018",15,26,73.77,16.3,4.17,20.4,1013.3,47.0518,21.9387
"07/16/2018",15,27.9,69.48,18.3,1.24,31.4,1011.2,47.0518,21.9387
"07/17/2018",15,28,72.14,21.1,6.33,24.3,1006.8,47.0518,21.9387
"07/18/2018",17,23.9,84.54,20.6,4.01,69.3,1006,47.0518,21.9387
"07/19/2018",18.6,25.9,94.04,17.9,7.14,76.8,1008.3,47.0518,21.9387
"07/20/2018",19.1,26.9,81.64,13.1,2.85,71.9,1011.4,47.0518,21.9387
"07/21/2018",18,29,73.24,11.1,0,48.4,1011.9,47.0518,21.9387
"07/22/2018",17.7,26,83.94,29,15,44.1,1010.2,47.0518,21.9387
"07/23/2018",18,25.9,91.19,11.2,10.18,46.6,1008.1,47.0518,21.9387
"07/24/2018",19,27.9,73.5,24.1,1.04,53.6,1007.6,47.0518,21.9387
"07/25/2018",19,28,69.1,25.7,0.43,27.4,1008.3,47.0518,21.9387
"07/26/2018",17.5,29.9,73.09,16.5,0,26.7,1009.6,47.0518,21.9387
"07/27/2018",18.6,29.9,74.93,14.6,2.42,29.9,1010.6,47.0518,21.9387
"07/28/2018",19.6,28,88.63,20.1,7.55,45.3,1010,47.0518,21.9387
"07/29/2018",18.9,29.9,89.99,11.1,0.35,23.8,1010.8,47.0518,21.9387
"07/30/2018",19.6,30.9,68.94,22.2,0,15.5,1011.7,47.0518,21.9387
"07/31/2018",19,29.9,79.65,16.3,6.48,20.9,1012.7,47.0518,21.9387
"08/01/2018",20.5,30.9,81.01,21.9,1.55,66.5,1015.3,47.0518,21.9387
"08/02/2018",20.6,29.9,83.86,9.3,0.73,65.7,1017.8,47.0518,21.9387
"08/03/2018",18.9,30,67.64,16.6,1.44,16.4,1017.5,47.0518,21.9387
"08/04/2018",18,30.9,56.35,12.8,0,24.9,1017,47.0518,21.9387
"08/05/2018",17,32,61.95,16.5,0,14.5,1016,47.0518,21.9387
"08/06/2018",20,31,66.91,12.7,2.82,45,1015.8,47.0518,21.9387
"08/07/2018",19,32,67.61,11,0,24.1,1015.8,47.0518,21.9387
"08/08/2018",19,32.9,64.71,11.1,0,9.6,1016.5,47.0518,21.9387
"08/09/2018",20,33,63.27,11.1,0,16.2,1017.9,47.0518,21.9387
"08/10/2018",20,32,63.48,16.4,0,13.8,1020,47.0518,21.9387
"08/11/2018",19,31,61.32,11.1,0,39.1,1019.9,47.0518,21.9387
"08/12/2018",18,31,59.45,16.4,0.95,29.9,1018.2,47.0518,21.9387
"08/13/2018",19,32.9,58.18,20.4,0,8.4,1014.3,47.0518,21.9387
"08/14/2018",19,33,51.89,20.6,0,14.5,1011.7,47.0518,21.9387
"08/15/2018",18,29,73.04,20.4,1.27,43.5,1014,47.0518,21.9387
"08/16/2018",18.6,28,77.23,18.1,2.39,44.3,1015.5,47.0518,21.9387
"08/17/2018",17,30,66.49,11,0,10,1015.4,47.0518,21.9387
"08/18/2018",18,32,59.52,14.6,0,2.7,1016.8,47.0518,21.9387
"08/19/2018",18,32,54.66,14.6,0,3.4,1018,47.0518,21.9387
"08/20/2018",16,33,53.97,12.8,0,7.2,1015.9,47.0518,21.9387
"08/21/2018",17,33.5,57.5,14,1.87,3.2,1015.8,47.0518,21.9387
"08/22/2018",18.6,32.9,59.32,16.4,0.33,12.2,1017.2,47.0518,21.9387
"08/23/2018",18,32,69.72,12.7,0.31,21.7,1016.4,47.0518,21.9387
"08/24/2018",18,30.9,63.67,16.4,2.84,24.9,1012.2,47.0518,21.9387
"08/25/2018",19,31.9,66.5,36.4,0.69,29,1009.3,47.0518,21.9387
"08/26/2018",16,22.9,91.65,24.1,9.18,42,1008.9,47.0518,21.9387
"08/27/2018",14,24,84.08,18.4,1.73,61.5,1013.5,47.0518,21.9387
"08/28/2018",15.1,26,73.16,11.1,0,31.4,1017.5,47.0518,21.9387
"08/29/2018",14,28,61.53,18.2,0,0.2,1017.6,47.0518,21.9387
"08/30/2018",13,28.9,55.15,12.8,0,2.5,1016.6,47.0518,21.9387
"08/31/2018",15,29,55.96,12.9,0,18.5,1017.5,47.0518,21.9387
"09/01/2018",17,32,53.05,14.6,0,6,1017.1,47.0518,21.9387
"09/02/2018",17,33,52.69,13,0,11.3,1017.5,47.0518,21.9387
"09/03/2018",19,30.9,59.64,18.2,0.84,40.8,1014.3,47.0518,21.9387
"09/04/2018",12.1,23.9,89.59,14.9,6.09,52.6,1012.1,47.0518,21.9387
"09/05/2018",15,26.9,81.45,16.3,3.59,57.5,1012.5,47.0518,21.9387
"09/06/2018",13.7,26,82.92,16.4,0.82,39.1,1011.7,47.0518,21.9387
"09/07/2018",14.1,26.9,70.93,14.6,0,18,1011,47.0518,21.9387
"09/08/2018",13,27,68.53,18.2,0,29.6,1015.8,47.0518,21.9387
"09/09/2018",12,25,68.18,20.3,0,29.3,1019.6,47.0518,21.9387
"09/10/2018",11,25.9,63.16,16.4,0,7,1021.1,47.0518,21.9387
"09/11/2018",11,27,61.34,16.3,0,28.2,1022.1,47.0518,21.9387
"09/12/2018",13,28,57.91,12.7,0,15.8,1022.7,47.0518,21.9387
"09/13/2018",14,29,56.27,12.7,0,34.3,1018.1,47.0518,21.9387
"09/14/2018",15,29.9,57.57,11.1,0,43.4,1015.6,47.0518,21.9387
"09/15/2018",15,27.9,64.95,23.9,1.63,39.9,1016.9,47.0518,21.9387
"09/16/2018",13,24,56.38,18.4,0,9.8,1024.1,47.0518,21.9387
"09/17/2018",10,26,53.41,13,0,0,1024.8,47.0518,21.9387
"09/18/2018",10,27.9,56.02,13,0.5,10.3,1021.1,47.0518,21.9387
"09/19/2018",13,29,57.85,13,0,19.6,1021.5,47.0518,21.9387
"09/20/2018",13.3,28.9,56.2,13,0,3.3,1020.4,47.0518,21.9387
"09/21/2018",13,29,54.13,16.6,0,0.1,1017.9,47.0518,21.9387
"09/22/2018",12.9,24,72.82,33.5,1.66,44.8,1018.1,47.0518,21.9387
"09/23/2018",6.9,19.9,71.55,16.5,0.39,48.6,1021,47.0518,21.9387
"09/24/2018",8,20.9,80.48,31.3,20.95,51.7,1016.1,47.0518,21.9387
"09/25/2018",1.1,14.9,72.41,22.3,0.98,22.9,1030,47.0518,21.9387
"09/26/2018",1,15,64.93,20.1,0.03,1.4,1038,47.0518,21.9387
"09/27/2018",2.9,17,61.63,13,0,27.5,1033.1,47.0518,21.9387
"09/28/2018",6,22,60.12,11.2,0,5.5,1022.8,47.0518,21.9387
"09/29/2018",8,15.9,69.99,33.2,0,48.2,1020,47.0518,21.9387
"09/30/2018",7,17,77.23,20.1,0,56.3,1023.1,47.0518,21.9387
"10/01/2018",7,17,80.02,12.9,0,67.1,1014.4,47.0518,21.9387
"10/02/2018",6.9,14,81.91,25.7,2.72,57.8,1016,47.0518,21.9387
"10/03/2018",4,17,73.64,35.1,0.13,49.7,1021.2,47.0518,21.9387
"10/04/2018",3,16,76.81,11.1,0.21,9.8,1027.3,47.0518,21.9387
"10/05/2018",3,19.9,65.8,13,0,0,1029.7,47.0518,21.9387
"10/06/2018",6,25,61.46,14.7,0,0,1023.4,47.0518,21.9387
"10/07/2018",10,25.9,61.76,16.6,0,3.4,1016.4,47.0518,21.9387
"10/08/2018",9,23.9,68.96,20.3,0,8.3,1018.8,47.0518,21.9387
"10/09/2018",9,25,68.43,14.5,0,0,1023.2,47.0518,21.9387
"10/10/2018",9,24.9,70.19,14.4,0,10.8,1025.5,47.0518,21.9387
"10/11/2018",10,22.9,71.22,12.8,0,0.1,1025.2,47.0518,21.9387
"10/12/2018",7,23,69.53,12.9,0,0,1027.7,47.0518,21.9387
"10/13/2018",8,24,64.25,14.6,0,0,1028.6,47.0518,21.9387
"10/14/2018",7,22,61.17,13,0,0,1026.1,47.0518,21.9387
"10/15/2018",6,23,56.33,13,0,0.1,1024.3,47.0518,21.9387
"10/16/2018",6,23,56.04,13,0,3.7,1024,47.0518,21.9387
"10/17/2018",8,24,54.49,12.9,0,11.2,1022.1,47.0518,21.9387
"10/18/2018",8,22.9,60.65,13,0.45,39.2,1019.1,47.0518,21.9387
"10/19/2018",12,17.9,81.5,14.8,1.05,76.4,1019.4,47.0518,21.9387
"10/20/2018",11,17,89.23,7.6,0.55,76,1021.7,47.0518,21.9387
"10/21/2018",8.9,14,86.78,20.5,8.81,82.7,1021.3,47.0518,21.9387
"10/22/2018",9,15.9,88.1,11.1,0.03,71,1024.4,47.0518,21.9387
"10/23/2018",9,15.9,75.02,29.5,0,61.8,1019.5,47.0518,21.9387
"10/24/2018",2,14.9,68.13,37,9.33,76.9,1006.1,47.0518,21.9387
"10/25/2018",-1.1,8.9,80.7,33.5,0.78,54,1014.8,47.0518,21.9387
"10/26/2018",5,15,75.72,24.2,0.13,50.7,1013.5,47.0518,21.9387
"10/27/2018",13,21.9,60.67,29.6,1.21,70.9,1009.8,47.0518,21.9387
"10/28/2018",17.9,23.9,47.15,31.9,0,71.5,1010.7,47.0518,21.9387
"10/29/2018",15,25.9,58.38,31.7,1.77,50.6,1011.6,47.0518,21.9387
"10/30/2018",15,24.9,56.13,20.3,0.36,66.8,1012.7,47.0518,21.9387
"10/31/2018",8.9,22,72.92,14.7,0.09,3.9,1023.9,47.0518,21.9387
"11/01/2018",10,25,63.06,22.2,0,64.9,1023.9,47.0518,21.9387
"11/02/2018",16,24,65.26,12.8,0,80.8,1023.6,47.0518,21.9387
"11/03/2018",13,23,73.17,12.9,0.1,66,1024.2,47.0518,21.9387
"11/04/2018",10,21,78.45,14.7,0,23.2,1022.5,47.0518,21.9387
"11/05/2018",5,17,84.93,11.1,0.03,5.8,1021.8,47.0518,21.9387
"11/06/2018",4,16,83.55,12.9,0,0.2,1022.3,47.0518,21.9387
"11/07/2018",4,18,73.68,13,0,1.8,1021.3,47.0518,21.9387
"11/08/2018",3,15.9,82.65,11.2,0,2.5,1022.5,47.0518,21.9387
"11/09/2018",3,14,84.64,11.1,0,2.4,1022.6,47.0518,21.9387
"11/10/2018",2,16,81.31,11.2,0,19.5,1019.7,47.0518,21.9387
"11/11/2018",3,17.9,72.75,16.3,0,5.3,1021.6,47.0518,21.9387
"11/12/2018",6,20,67.08,13,0,28.4,1027,47.0518,21.9387
"11/13/2018",5,19,68.17,13,0,10.7,1027.6,47.0518,21.9387
"11/14/2018",7,14.9,62.95,24,0.05,71,1027.5,47.0518,21.9387
"11/15/2018",-1,12,76.79,18.3,0,13.4,1028.3,47.0518,21.9387
"11/16/2018",1,11.9,65.48,18.3,0,13.4,1030.4,47.0518,21.9387
"11/17/2018",-1,9,47.75,18.4,0,27.4,1031,47.0518,21.9387
"11/18/2018",-1,7.9,66.86,9.5,0,62.3,1025.9,47.0518,21.9387
"11/19/2018",1.9,4,91.02,7.7,2.46,88.4,1017.1,47.0518,21.9387
"11/20/2018",2,8,87.42,16.6,2.27,80,1016,47.0518,21.9387
"11/21/2018",5,7,99.41,18.3,4.72,94.5,1016.6,47.0518,21.9387
"11/22/2018",4,5,97.2,20.5,3.33,96.4,1023.5,47.0518,21.9387
"11/23/2018",4,7,94.22,7.3,0.03,91.9,1027.1,47.0518,21.9387
"11/24/2018",3.9,10.9,89.04,10.9,0.25,76.8,1022.6,47.0518,21.9387
"11/25/2018",5,14,84.08,11.1,0.86,75.7,1013.5,47.0518,21.9387
"11/26/2018",8.9,10.9,97.05,22.4,16.18,91.6,1001.3,47.0518,21.9387
"11/27/2018",1.9,8.9,98.01,22.3,2.98,97.4,1007.6,47.0518,21.9387
"11/28/2018",0,3.9,67.69,31.7,0.63,88,1020.6,47.0518,21.9387
"11/29/2018",-1,2.9,81.78,11.3,0.28,90.6,1033.6,47.0518,21.9387
"11/30/2018",-7,-0.1,83.31,12.9,0,52.1,1030,47.0518,21.9387
"12/01/2018",-9,-2,82.17,9.4,0,38.2,1024.8,47.0518,21.9387
"12/02/2018",-6,4.9,75.24,11.2,0,34,1022.8,47.0518,21.9387
"12/03/2018",1.9,9.9,70.36,27.7,0.22,87.2,1015,47.0518,21.9387
"12/04/2018",5.9,8.9,92.98,14.7,2.5,89.5,1014.1,47.0518,21.9387
"12/05/2018",-0.1,6,71.49,31.5,0.46,35.1,1025,47.0518,21.9387
"12/06/2018",-6,3,81.92,12.9,0,23,1028.4,47.0518,21.9387
"12/07/2018",-2.1,3,77.8,18.3,0,96,1022.9,47.0518,21.9387
"12/08/2018",0.9,6.9,91.15,22.3,2.96,90.5,1011.9,47.0518,21.9387
"12/09/2018",1,7.9,85.95,29.6,0.1,77.8,1009,47.0518,21.9387
"12/10/2018",2.9,6.9,87.77,20.5,2.46,89.2,1008.7,47.0518,21.9387
"12/11/2018",-1,2.9,93.2,20.5,1.17,88.2,1014.8,47.0518,21.9387
"12/12/2018",0,2,97.09,18.4,3.68,94.8,1017.6,47.0518,21.9387
"12/13/2018",-3,1.9,97.96,9.3,0.14,72.7,1022.1,47.0518,21.9387
"12/14/2018",-4,1.9,87.82,20.4,0,50.3,1021.6,47.0518,21.9387
"12/15/2018",-0.1,1,96.88,13,6.95,96,1019.3,47.0518,21.9387
"12/16/2018",-1,1,99.68,11.1,11.13,93.5,1020.5,47.0518,21.9387
"12/17/2018",-1.1,-0.1,98.79,14.6,0.06,97.9,1023.4,47.0518,21.9387
"12/18/2018",-10.1,-2.1,96.53,12.9,32.6,82,1029.7,47.0518,21.9387
"12/19/2018",-8,-3.1,97.2,9.4,30.78,88.4,1030.7,47.0518,21.9387
"12/20/2018",-7.1,-0.1,94.37,12.8,27.71,71.7,1027,47.0518,21.9387
"12/21/2018",-0.1,4.9,88.96,18.3,24.63,94.3,1025.6,47.0518,21.9387
"12/22/2018",3,6.9,84.79,35.3,13.18,82.8,1016.3,47.0518,21.9387
"12/23/2018",2,8,89.62,24.4,0.76,78.9,1019.1,47.0518,21.9387
"12/24/2018",0.9,5.9,88.82,38.5,19.99,67.3,1012.8,47.0518,21.9387
"12/25/2018",-3,1.9,83.02,16.5,0,57.8,1025.9,47.0518,21.9387
"12/26/2018",-0.1,1.9,91.63,24.1,0.24,85.8,1026.6,47.0518,21.9387
"12/27/2018",0,3.9,89.41,22.4,0,75.8,1026.5,47.0518,21.9387
"12/28/2018",2.9,3.9,95.17,29.5,5.2,89,1022.9,47.0518,21.9387
"12/29/2018",2,5,97.43,12.8,0.9,83.5,1025.3,47.0518,21.9387
"12/30/2018",2.9,3.9,97.37,18.3,0.5,91.1,1023.7,47.0518,21.9387
"12/31/2018",2,4,94.55,20.5,0.46,92,1024.8,47.0518,21.9387
"01/01/2019",-1,2,95.14,35.3,0.33,63.7,1026.4,47.0518,21.9387
"01/02/2019",0,3.9,95.96,40.6,4.8,50.1,1013.3,47.0518,21.9387
"01/03/2019",-5,0.9,83.58,20.4,0.26,44.7,1020.5,47.0518,21.9387
"01/04/2019",-7,-2,86.41,16.5,7.73,55.9,1026.7,47.0518,21.9387
"01/05/2019",-8,-2.1,90.51,33.3,0.65,60.9,1020.1,47.0518,21.9387
"01/06/2019",-5,-0.1,82.92,29.5,0.65,64.2,1017.1,47.0518,21.9387
"01/07/2019",-10,-2,79.34,23.9,0,34.6,1027.2,47.0518,21.9387
"01/08/2019",-12,-4.1,88.81,24.1,8.89,50.4,1020.6,47.0518,21.9387
"01/09/2019",-3.1,0.9,98.13,27.7,4.85,83.2,1006.6,47.0518,21.9387
"01/10/2019",-3,0,91.58,24.1,0,48.4,1010.2,47.0518,21.9387
"01/11/2019",-7.1,-3.1,85.14,18.1,0.82,69.3,1016.9,47.0518,21.9387
"01/12/2019",-5,-1.1,91.59,29.6,0.61,71.5,1017,47.0518,21.9387
"01/13/2019",-1.1,1,95.02,31.8,2.3,72.6,1008.7,47.0518,21.9387
"01/14/2019",0,3.9,94.12,37.2,5.72,46.6,996.8,47.0518,21.9387
"01/15/2019",-7,-0.1,83.21,27.6,1.15,50.3,1011.4,47.0518,21.9387
"01/16/2019",0,2.9,86.69,29.6,1.69,54.9,1013.5,47.0518,21.9387
"01/17/2019",2.9,4.9,71.87,35.4,10.77,55.3,1014,47.0518,21.9387
"01/18/2019",0.9,5.9,86.59,38.6,2.95,72.3,1014.4,47.0518,21.9387
"01/19/2019",-3,1.9,92.72,12.7,0.05,44.6,1021.3,47.0518,21.9387
"01/20/2019",-1,1,99.94,11.1,6.66,62.5,1017.3,47.0518,21.9387
"01/21/2019",-4.1,-0.1,95.62,7.6,0.21,74,1021.4,47.0518,21.9387
"01/22/2019",-3.1,1,99.92,9.4,4.05,68.6,1015.8,47.0518,21.9387
"01/23/2019",-1.1,2.9,98.76,12.8,1.09,55.7,1003.2,47.0518,21.9387
"01/24/2019",-1,0.9,97.32,33.3,6.39,84,1001.3,47.0518,21.9387
"01/25/2019",-1.1,1,97.06,25.8,2.41,73.2,1008.6,47.0518,21.9387
"01/26/2019",-4,-2,87.77,29.6,10.1,56.4,1009.1,47.0518,21.9387
"01/27/2019",-3,3.9,86.09,24.1,0.31,70,1007.5,47.0518,21.9387
"01/28/2019",0.9,7,81.37,14.6,8.32,82.7,999.3,47.0518,21.9387
"01/29/2019",-1,1.9,96.77,22.3,0.65,68.1,1005.8,47.0518,21.9387
"01/30/2019",-0.1,1.9,99.65,7.5,1.28,55.9,1004.4,47.0518,21.9387
"01/31/2019",0.9,3.9,97.4,10.9,0.03,68.5,1004.8,47.0518,21.9387
"02/01/2019",1,9.9,83.12,18.4,0.32,63.1,1009.5,47.0518,21.9387
"02/02/2019",8.9,14.9,56.38,27.8,0.1,82.1,1006.7,47.0518,21.9387
"02/03/2019",7.9,17.9,62.83,27.9,0.05,67.7,1007.4,47.0518,21.9387
"02/04/2019",2,10,85.74,25.8,0.23,62.1,1024.1,47.0518,21.9387
"02/05/2019",2,5,92.09,16.5,1.03,58.5,1028,47.0518,21.9387
"02/06/2019",-1,6,78.66,24.3,0.07,23.9,1026.4,47.0518,21.9387
"02/07/2019",-3,5,87.8,22.2,0,39.1,1025,47.0518,21.9387
"02/08/2019",-1,5,79.66,13,0,92.7,1023.1,47.0518,21.9387
"02/09/2019",-2,4.9,71.92,13,0,79.7,1022.8,47.0518,21.9387
"02/10/2019",-3,8.9,75.34,22.3,0,54.3,1019.6,47.0518,21.9387
"02/11/2019",4,8.9,82.96,31.8,4.61,68.7,1006.9,47.0518,21.9387
"02/12/2019",0.9,6.9,68.02,33.1,0.65,55.9,1016.8,47.0518,21.9387
"02/13/2019",-3,5.9,68.65,16.6,0.06,39.8,1032.4,47.0518,21.9387
"02/14/2019",-2,6,81.95,14.7,0,77.1,1033.4,47.0518,21.9387
"02/15/2019",-1,9.9,70.43,16.5,0,39.6,1032.6,47.0518,21.9387
"02/16/2019",-2.1,9.9,80.95,14.7,0,0.1,1032.6,47.0518,21.9387
"02/17/2019",-1,11.9,81.81,13,0,0,1029.7,47.0518,21.9387
"02/18/2019",-1,13,78.53,12.9,0,0,1026,47.0518,21.9387
"02/19/2019",0,14,75.25,16.5,0,0.6,1021.5,47.0518,21.9387
"02/20/2019",0,11,76.05,16.6,0,19.3,1020.9,47.0518,21.9387
"02/21/2019",-1.1,10.9,70.42,18.4,0,32.4,1026.1,47.0518,21.9387
"02/22/2019",-3,6,76.38,46.1,4.69,40.6,1022.4,47.0518,21.9387
"02/23/2019",-5.1,0.9,51.45,26,0,0.1,1038.7,47.0518,21.9387
"02/24/2019",-7,1,64.26,12.9,0,66.8,1039.5,47.0518,21.9387
"02/25/2019",-1,5.9,56.45,13,0,59.7,1036.1,47.0518,21.9387
"02/26/2019",-2,8,66.37,22.2,0,35.8,1025.8,47.0518,21.9387
"02/27/2019",0,10.9,63.55,27.4,0,32.8,1023.1,47.0518,21.9387
"02/28/2019",-1,17.9,59.67,40.8,0,27.3,1013,47.0518,21.9387
"03/01/2019",2.9,12.9,66.23,13,0.02,76.1,1008.3,47.0518,21.9387
"03/02/2019",1,7,60.36,24,0.57,51.3,1014.2,47.0518,21.9387
"03/03/2019",-3,9,65.99,22.2,0,45.9,1018.3,47.0518,21.9387
"03/04/2019",6.9,17,48.78,38.9,0,32.4,1009.6,47.0518,21.9387
"03/05/2019",3,14.9,54.34,35.3,2.46,31.9,1008.7,47.0518,21.9387
"03/06/2019",1.9,12,66.64,18.4,2.68,35.6,1017.9,47.0518,21.9387
"03/07/2019",4,19.9,40.22,42.7,0,58.9,1013.9,47.0518,21.9387
"03/08/2019",8,17.9,52.5,29.6,0,79.1,1015.5,47.0518,21.9387
"03/09/2019",6.9,15.9,68.49,29.7,0.13,70.8,1019.1,47.0518,21.9387
"03/10/2019",5.9,12.9,66.91,33.3,3.51,71.5,1013.1,47.0518,21.9387
"03/11/2019",4,11.9,49.58,40.8,0,56,1011.9,47.0518,21.9387
"03/12/2019",-3,9,63.22,14.7,0,37.1,1018.8,47.0518,21.9387
"03/13/2019",-3,11,49.57,25.9,0,21.7,1019.5,47.0518,21.9387
"03/14/2019",2,10.9,58.68,22.2,0,56.5,1011.7,47.0518,21.9387
"03/15/2019",4,10,66.46,31.8,0.22,76.6,1007.8,47.0518,21.9387
"03/16/2019",6,9.9,78.35,33.5,5.31,79.4,1009.9,47.0518,21.9387
"03/17/2019",6.9,19.9,61.65,35.3,0,32.7,1012.6,47.0518,21.9387
"03/18/2019",7,17,61.03,29.4,0,30.4,1012.3,47.0518,21.9387
"03/19/2019",5.9,13,62.71,25.8,0.22,68.6,1021.6,47.0518,21.9387
"03/20/2019",5,13,49.22,20.4,0,43,1029.7,47.0518,21.9387
"03/21/2019",-2,13,53.31,18.2,0,22,1034.4,47.0518,21.9387
"03/22/2019",1,16,60.97,22.2,0,27.5,1031.6,47.0518,21.9387
"03/23/2019",5,18,56.55,22.2,0,3.1,1026.9,47.0518,21.9387
"03/24/2019",2,20,49.83,16.6,0,4.4,1021.5,47.0518,21.9387
"03/25/2019",9,15,50.26,24.1,0.63,72.2,1012.2,47.0518,21.9387
"03/26/2019",1,11,54.33,18.5,0,39.8,1018.9,47.0518,21.9387
"03/27/2019",-2,10.9,47.33,25.8,0,15.1,1026.4,47.0518,21.9387
"03/28/2019",-2,13,44.13,16.4,0,5.4,1030.5,47.0518,21.9387
"03/29/2019",0,15,57.05,24,0,12.2,1030.1,47.0518,21.9387
"03/30/2019",1,18,60.17,16.4,0,8,1025.4,47.0518,21.9387
"03/31/2019",2.9,20.9,52.25,13,0,0,1019.2,47.0518,21.9387
"04/01/2019",4,20,49.64,31.6,0,1.6,1017.3,47.0518,21.9387
"04/02/2019",3,19,49.89,27.6,0,19.6,1018.1,47.0518,21.9387
"04/03/2019",5,19.9,50.69,14.6,0,28.5,1015,47.0518,21.9387
"04/04/2019",6,20,43.32,25.8,0,39,1011.1,47.0518,21.9387
"04/05/2019",9.9,22,40.97,14.7,0,61.5,1008.1,47.0518,21.9387
"04/06/2019",9.9,15.9,71.99,18.3,0.11,79.2,1009,47.0518,21.9387
"04/07/2019",6,22,62.3,14.5,0.03,18.9,1008,47.0518,21.9387
"04/08/2019",8,21,57.91,16.5,0,51.9,1005.1,47.0518,21.9387
"04/09/2019",7,22,58.35,16.4,0.92,44.5,1003.7,47.0518,21.9387
"04/10/2019",8,21,73.52,15,0.09,37.3,1006,47.0518,21.9387
"04/11/2019",9,19.9,64.93,27.5,2.41,47.2,1008.1,47.0518,21.9387
"04/12/2019",6,16,75.69,25.9,7.42,55.4,1011.8,47.0518,21.9387
"04/13/2019",6.9,11,92.41,11.2,4.95,81.8,1015.3,47.0518,21.9387
"04/14/2019",8,16.9,76.09,20.4,3.57,53.9,1015.1,47.0518,21.9387
"04/15/2019",7,16,44.65,22.2,0,26.4,1017.9,47.0518,21.9387
"04/16/2019",3,16,39.71,24,0,9.5,1019.7,47.0518,21.9387
"04/17/2019",4,15.9,72.82,27.4,0.65,52,1020,47.0518,21.9387
"04/18/2019",6,18.9,62.98,20.4,0,25.8,1026.2,47.0518,21.9387
"04/19/2019",4,20,53.24,27.5,0,1.4,1027.3,47.0518,21.9387
"04/20/2019",3,19,43.1,18.2,0,2.5,1027.5,47.0518,21.9387
"04/21/2019",7,20,43.69,31.6,0,47,1021.3,47.0518,21.9387
"04/22/2019",8,20,51.55,18.5,0.18,69.8,1016.6,47.0518,21.9387
"04/23/2019",9,16,65.34,20.5,0.1,64,1018,47.0518,21.9387
"04/24/2019",10.9,23,61.92,25.7,1.13,47.9,1019.2,47.0518,21.9387
"04/25/2019",13,25,55.09,24.1,0.03,43.4,1019.4,47.0518,21.9387
"04/26/2019",13,28.9,54.48,27.7,0,43.2,1015.8,47.0518,21.9387
"04/27/2019",12.9,19,81.34,22.1,7.63,46.5,1012.2,47.0518,21.9387
"04/28/2019",9,12.9,92.22,20.5,1.96,65,1011.8,47.0518,21.9387
"04/29/2019",8,15,87.65,12.9,3.91,40.4,1012.3,47.0518,21.9387
"04/30/2019",7,14.9,91.8,16.3,13.67,42.5,1008.2,47.0518,21.9387
"05/01/2019",10.9,17.9,80.02,27.6,16.15,55.2,1005.3,47.0518,21.9387
"05/02/2019",7.9,19.9,79.2,25.9,0.79,32.6,1008.6,47.0518,21.9387
"05/03/2019",11,20.9,65.44,37.1,2.09,39.3,1008.1,47.0518,21.9387
"05/04/2019",9,20.9,78.22,25.7,0.56,43.8,1007.2,47.0518,21.9387
"05/05/2019",9.9,16,92.42,16.2,11.95,51.9,1003.2,47.0518,21.9387
"05/06/2019",5,9,94.22,20.5,12.83,54.4,1006.4,47.0518,21.9387
"05/07/2019",5.9,11.9,79.06,22.2,1.28,71.1,1013.4,47.0518,21.9387
"05/08/2019",4,17,72.93,11,0,61.4,1016.8,47.0518,21.9387
"05/09/2019",6,13.9,83.43,18.3,4.25,53,1009.7,47.0518,21.9387
"05/10/2019",9.9,18,88.98,14.5,6.32,61.2,1008.4,47.0518,21.9387
"05/11/2019",8.9,20.9,76.31,18,0.16,36.7,1013.8,47.0518,21.9387
"05/12/2019",9,24.9,61.26,14.7,0,30.3,1015.7,47.0518,21.9387
"05/13/2019",11,24.9,65.91,31.6,0,43.1,1018.3,47.0518,21.9387
"05/14/2019",9,13.9,87.89,25.8,4.1,60,1017,47.0518,21.9387
"05/15/2019",9,12.9,94.55,25.9,1.05,67.5,1013.4,47.0518,21.9387
"05/16/2019",9,17,82.15,14.7,0.06,85.7,1014.4,47.0518,21.9387
"05/17/2019",11,20,77.14,11,1.92,53.5,1013,47.0518,21.9387
"05/18/2019",10.9,24.9,74.78,14.7,1.71,35.2,1010.3,47.0518,21.9387
"05/19/2019",13,27,72.01,18.2,1.08,31.3,1006.9,47.0518,21.9387
"05/20/2019",13.9,21.9,74.82,37.1,2.43,40.3,1006.6,47.0518,21.9387
"05/21/2019",12,20.9,77.5,33.2,6.81,42.7,1008.6,47.0518,21.9387
"05/22/2019",12,20.9,83.96,35.1,10.36,37.3,1010.3,47.0518,21.9387
"05/23/2019",12.9,15,90.27,22.1,2.99,59.1,1011.8,47.0518,21.9387
"05/24/2019",13,19.9,88.46,14.7,3.79,43.6,1011.9,47.0518,21.9387
"05/25/2019",13,22.9,79.66,16.5,0.02,41.6,1012.8,47.0518,21.9387
"05/26/2019",13,25,72.92,12.9,0,42.7,1015.1,47.0518,21.9387
"05/27/2019",15,22.9,80.56,12.9,0.15,71.4,1013.8,47.0518,21.9387
"05/28/2019",15,22,91.56,29,16.91,43,1009,47.0518,21.9387
"05/29/2019",13,24.9,83.67,18.2,4.75,44.1,1010.3,47.0518,21.9387
"05/30/2019",14,21,89.84,16.6,25.16,41.8,1017.6,47.0518,21.9387
"05/31/2019",13,21,82.48,14.6,2.17,49.8,1020.8,47.0518,21.9387
"06/01/2019",15,24,77.38,22.1,2.95,54.5,1017.5,47.0518,21.9387
"06/02/2019",16,25,79.58,11.1,2.24,54,1017.4,47.0518,21.9387
"06/03/2019",15,25,77.56,22.3,3.55,31.3,1014.7,47.0518,21.9387
"06/04/2019",14,26.9,81.56,32.8,0.91,27.7,1012.4,47.0518,21.9387
"06/05/2019",16,21.9,83.97,13.1,7.73,51.2,1011.8,47.0518,21.9387
"06/06/2019",15,24.9,79.35,14.7,8.36,48.4,1013.4,47.0518,21.9387
"06/07/2019",17,27,74.88,22.3,15.69,32.9,1016.1,47.0518,21.9387
"06/08/2019",17.9,28,71.09,14.8,0,11.7,1017.5,47.0518,21.9387
"06/09/2019",17,29,72.2,20.3,0,7.6,1020.7,47.0518,21.9387
"06/10/2019",18,31,65.89,16.5,0.06,5.1,1017.1,47.0518,21.9387
"06/11/2019",17,31,68.67,25.7,0.9,16.8,1014.2,47.0518,21.9387
"06/12/2019",18,32,69.15,13,0.34,23.5,1014.5,47.0518,21.9387
"06/13/2019",18.9,32.9,64.71,12.9,0,8.6,1014.5,47.0518,21.9387
"06/14/2019",19,32.9,69.79,11.1,0,19.2,1016.3,47.0518,21.9387
"06/15/2019",20,32.9,68.32,12.8,0,7.6,1015.3,47.0518,21.9387
"06/16/2019",19.1,32.9,65.91,33.2,2,17.2,1012.8,47.0518,21.9387
"06/17/2019",18.9,27.9,77.75,29.5,16.7,39.7,1016,47.0518,21.9387
"06/18/2019",17,28,74.46,14.7,0.27,35.1,1016.2,47.0518,21.9387
"06/19/2019",18,29.9,76.93,22.4,0.11,32.1,1014.1,47.0518,21.9387
"06/20/2019",18,28,78.52,16.8,3.9,40.4,1012.6,47.0518,21.9387
"06/21/2019",17,26.9,84.69,18.3,8.79,37.2,1014.9,47.0518,21.9387
"06/22/2019",16.9,27.9,78.26,13,0,30.6,1016.7,47.0518,21.9387
"06/23/2019",18,28,79.45,18.2,0.03,32.7,1014.3,47.0518,21.9387
"06/24/2019",17.9,27.9,80.93,31.1,1.19,50.5,1017.2,47.0518,21.9387
"06/25/2019",18.9,31,70.46,13,0.03,8.9,1022.2,47.0518,21.9387
"06/26/2019",20,32.9,68.75,12.8,0,7.3,1023.5,47.0518,21.9387
"06/27/2019",18.9,31.9,79.39,43.8,21.63,14.6,1017.4,47.0518,21.9387
"06/28/2019",16.9,23.9,71.28,29.2,0,22.5,1016.8,47.0518,21.9387
"06/29/2019",12,24.9,63.26,23.8,0,17.5,1020.6,47.0518,21.9387
"06/30/2019",13,28.9,66.79,18.1,0,2.8,1021,47.0518,21.9387
"07/01/2019",17.9,31.9,68.37,14.7,0,5.7,1018.2,47.0518,21.9387
"07/02/2019",19,32.9,62.88,18.2,0,5,1013.3,47.0518,21.9387
"07/03/2019",19,27.9,55.51,20.4,0.4,20,1015.5,47.0518,21.9387
"07/04/2019",15,25.9,60.07,18.2,0,30.3,1018.6,47.0518,21.9387
"07/05/2019",13,28.9,62.79,22.2,0,26.1,1015.8,47.0518,21.9387
"07/06/2019",13.9,29.9,56.77,22.2,0,12.3,1012.9,47.0518,21.9387
"07/07/2019",19,26.9,67.89,25.8,3.01,38.2,1007.8,47.0518,21.9387
"07/08/2019",17,24.9,59.64,22.2,0,50.3,1011.4,47.0518,21.9387
"07/09/2019",11,22.9,63.8,20.3,0.12,47.4,1014.3,47.0518,21.9387
"07/10/2019",8.9,21.9,66.5,16.3,1.3,30.3,1013.1,47.0518,21.9387
"07/11/2019",11.9,23.9,70.22,27.2,3.11,30.3,1012.6,47.0518,21.9387
"07/12/2019",9,22.9,72,12.9,0,37,1013.6,47.0518,21.9387
"07/13/2019",14,22,86.17,18.2,8.75,49.8,1011.2,47.0518,21.9387
"07/14/2019",13,22.9,79.01,16.6,1.87,47.5,1009.5,47.0518,21.9387
"07/15/2019",13,24,67.36,24,0,32,1010.8,47.0518,21.9387
"07/16/2019",10.9,25.9,63.69,14.6,0,8.8,1012.1,47.0518,21.9387
"07/17/2019",13.9,25,59.67,14.7,0,19,1011.4,47.0518,21.9387
"07/18/2019",13,27.9,65.4,22.1,0,35.6,1013.1,47.0518,21.9387
"07/19/2019",13,28.9,65.5,11,0.03,9.3,1016.3,47.0518,21.9387
"07/20/2019",14,29.9,63.74,13.1,0.06,22.5,1018.3,47.0518,21.9387
"07/21/2019",18,31.9,58.95,16.5,0,32,1018.5,47.0518,21.9387
"07/22/2019",19,29,59.95,20.4,0,39.8,1019.9,47.0518,21.9387
"07/23/2019",17,25.9,70.1,20.4,0,57.2,1018.5,47.0518,21.9387
"07/24/2019",15,27.9,65.72,16.6,0,23.9,1017.5,47.0518,21.9387
"07/25/2019",19,29,59.53,14.6,0,47.1,1017.7,47.0518,21.9387
"07/26/2019",15,31.9,64,18.2,2.28,19,1012.5,47.0518,21.9387
"07/27/2019",19,32,64.8,25.7,9.91,40.7,1006.6,47.0518,21.9387
"07/28/2019",20,34.9,71,31.2,15.84,30.7,1004.2,47.0518,21.9387
"07/29/2019",19.9,27,76.33,11.2,1.48,48.1,1005.2,47.0518,21.9387
"07/30/2019",16.9,30,72.5,14.6,0,21.1,1008,47.0518,21.9387
"07/31/2019",20,30.9,74.36,14.8,5.1,21.9,1010.2,47.0518,21.9387
"08/01/2019",20,28.9,80.85,23.8,9.32,56,1013.1,47.0518,21.9387
"08/02/2019",18,29.9,70.42,25.5,0.35,25.8,1012.2,47.0518,21.9387
"08/03/2019",17,25.9,75.95,22.3,12.62,50.8,1008.5,47.0518,21.9387
"08/04/2019",12,25,68.82,18.3,0.06,27.7,1012.8,47.0518,21.9387
"08/05/2019",13,27.9,61.35,20.5,0,17.4,1015.2,47.0518,21.9387
"08/06/2019",16,28.9,57.67,24,0.03,27,1014.9,47.0518,21.9387
"08/07/2019",18.9,31.9,54.61,24,0,31.7,1012.1,47.0518,21.9387
"08/08/2019",20,28,65.72,22.1,0.35,46.1,1011.6,47.0518,21.9387
"08/09/2019",17,30.9,59.85,20.2,0,25.5,1014.7,47.0518,21.9387
"08/10/2019",17,33,54.68,14.7,0,11.3,1015.6,47.0518,21.9387
"08/11/2019",18,34.9,55.09,14.6,0,0.6,1016,47.0518,21.9387
"08/12/2019",20,36,55.37,20.4,0,0.9,1014.2,47.0518,21.9387
"08/13/2019",21,35.9,56.13,20.1,0,7.1,1011.6,47.0518,21.9387
"08/14/2019",15.9,23.9,82.53,25.8,2.41,44.8,1011.9,47.0518,21.9387
"08/15/2019",11.9,20.9,75.22,14.8,0.03,68,1015.4,47.0518,21.9387
"08/16/2019",10,26.9,65.7,16.4,0,26.9,1015.8,47.0518,21.9387
"08/17/2019",12,27,60.71,12.9,0,36.9,1016.4,47.0518,21.9387
"08/18/2019",14,29,59.16,14.6,0,33.4,1016.5,47.0518,21.9387
"08/19/2019",16,33.9,49.1,16.3,0,4.7,1017.1,47.0518,21.9387
"08/20/2019",18,35,52.5,14.6,0,10.8,1018.5,47.0518,21.9387
"08/21/2019",19,34.9,51.19,29.3,0,4.2,1019.1,47.0518,21.9387
"08/22/2019",18,32.9,62.33,25.8,0,10.5,1021.7,47.0518,21.9387
"08/23/2019",18,32.9,61.86,22.2,0,37.9,1022.3,47.0518,21.9387
"08/24/2019",20,33,59.72,18.2,0.16,39.9,1020.7,47.0518,21.9387
"08/25/2019",19,32.9,58.59,20.5,0,17.7,1019.5,47.0518,21.9387
"08/26/2019",21,30,62.51,23.7,0.82,49.4,1020.4,47.0518,21.9387
"08/27/2019",20,29,75.06,37.9,3.16,45.1,1020.3,47.0518,21.9387
"08/28/2019",18,33.9,56.56,13,0,8.8,1019.6,47.0518,21.9387
"08/29/2019",18,33.9,54.34,20.1,0,11.3,1018.5,47.0518,21.9387
"08/30/2019",17,33.9,51.35,20.3,0,4.4,1018.6,47.0518,21.9387
"08/31/2019",18,34,47.72,13,0,3.1,1017.2,47.0518,21.9387
"09/01/2019",17,32.9,45.83,22.1,0.31,2.2,1014.2,47.0518,21.9387
"09/02/2019",17,32.9,49.42,14.6,0,5.4,1013.8,47.0518,21.9387
"09/03/2019",15,24,72.62,23.8,0,31.3,1017.2,47.0518,21.9387
"09/04/2019",11,24,69.76,14.5,0.16,35.5,1019.9,47.0518,21.9387
"09/05/2019",11,26.9,59.48,11.1,0,1.8,1015.6,47.0518,21.9387
"09/06/2019",14,28,54.72,22.1,0,25.9,1017.2,47.0518,21.9387
"09/07/2019",17,28,52.26,20.1,0,59.4,1016.3,47.0518,21.9387
"09/08/2019",16,28.9,64.11,20.5,0.8,45.4,1016.9,47.0518,21.9387
"09/09/2019",14,27.9,58.02,32.2,3.19,39.4,1013.8,47.0518,21.9387
"09/10/2019",10,23.9,75.98,14.6,1.48,33.7,1019.6,47.0518,21.9387
"09/11/2019",13,28.9,60.85,16.5,0,21.6,1021.7,47.0518,21.9387
"09/12/2019",13,28.9,58.8,23.9,0,20.5,1025.4,47.0518,21.9387
"09/13/2019",13,27.9,61.69,16.5,0,1.3,1027.4,47.0518,21.9387
"09/14/2019",13,24.9,59.89,23.6,0,17,1027.5,47.0518,21.9387
"09/15/2019",9,25.9,53.11,18,0,2.5,1026.3,47.0518,21.9387
"09/16/2019",10,27.9,58.83,20.4,0,7.1,1018.6,47.0518,21.9387
"09/17/2019",14,23.9,73.84,29.3,0.83,60.5,1013.8,47.0518,21.9387
"09/18/2019",9,19,53.66,20.6,0.04,23.8,1017.7,47.0518,21.9387
"09/19/2019",4,17.9,59.82,16.6,0,20.1,1023.2,47.0518,21.9387
"09/20/2019",6,16.9,57.49,25.8,0,20.5,1026.2,47.0518,21.9387
"09/21/2019",4,19.9,54.72,16.4,0,2.9,1027.4,47.0518,21.9387
"09/22/2019",6,23.9,50.48,13,0,5.8,1021.5,47.0518,21.9387
"09/23/2019",11,21,53.72,21.9,0.03,81.4,1015.1,47.0518,21.9387
"09/24/2019",14,23,54.61,16.4,0,74.1,1012,47.0518,21.9387
"09/25/2019",14,16.9,92.07,16.6,10.36,70.1,1012.6,47.0518,21.9387
"09/26/2019",13,16.9,92.68,16.6,3.7,51.2,1012.6,47.0518,21.9387
"09/27/2019",9,21,83.66,14.5,0.16,22.4,1017.4,47.0518,21.9387
"09/28/2019",12,22.9,74.66,18.3,0.25,47.8,1017.4,47.0518,21.9387
"09/29/2019",10,22.9,75.89,18.3,0,22,1016.7,47.0518,21.9387
"09/30/2019",14.9,24,68.77,31.7,1.23,35.2,1009.3,47.0518,21.9387
"10/01/2019",8,21.9,65.63,22.2,0,3.3,1014.2,47.0518,21.9387
"10/02/2019",11,26.9,62.24,29.4,0,24.8,1007.3,47.0518,21.9387
"10/03/2019",8,18,86.51,24,6.41,56.7,1008.5,47.0518,21.9387
"10/04/2019",7,15.9,74.33,20.2,0,62,1013.6,47.0518,21.9387
"10/05/2019",5.9,15,78.87,18.4,1.14,64.5,1010.7,47.0518,21.9387
"10/06/2019",6,11.9,83.01,20.5,4.54,62.8,1012.8,47.0518,21.9387
"10/07/2019",2,12.9,68.75,16.4,0,34.9,1018,47.0518,21.9387
"10/08/2019",-1,13.9,62.97,14.7,0,10.7,1022.6,47.0518,21.9387
"10/09/2019",6.9,21,53.51,33.4,0,20,1017.6,47.0518,21.9387
"10/10/2019",11,17,67.74,26,0.15,69.1,1016.8,47.0518,21.9387
"10/11/2019",6.9,17.9,79.82,16.6,0.06,25.5,1024.9,47.0518,21.9387
"10/12/2019",6,22.9,65.69,18.2,0,10.1,1024.2,47.0518,21.9387
"10/13/2019",8,23.9,70.58,14.6,0,11.7,1023.1,47.0518,21.9387
"10/14/2019",10,24.9,69.57,12.9,0,13.5,1021.6,47.0518,21.9387
"10/15/2019",10,26.9,67.1,12.9,0,0.1,1017.3,47.0518,21.9387
"10/16/2019",11,25.9,66.61,24.1,0,0.1,1016.2,47.0518,21.9387
"10/17/2019",9.9,23.9,71.88,11.1,0,14,1019,47.0518,21.9387
"10/18/2019",11,24,70.95,14.7,0,31.3,1017.5,47.0518,21.9387
"10/19/2019",10,24,72.81,16.5,0,11.7,1017.7,47.0518,21.9387
"10/20/2019",10,25.9,69.29,20.5,0,1.3,1019.5,47.0518,21.9387
"10/21/2019",10,26,66.49,18.3,0,0.5,1021.9,47.0518,21.9387
"10/22/2019",11,26,66.1,12.9,0,0,1023.4,47.0518,21.9387
"10/23/2019",11,27,67.07,13,0,0.6,1022,47.0518,21.9387
"10/24/2019",10,27,61.81,12.9,0,0,1018.3,47.0518,21.9387
"10/25/2019",9,23.9,65.12,14.6,0,0,1019.5,47.0518,21.9387
"10/26/2019",7,23,71.82,13,0,0,1023.6,47.0518,21.9387
"10/27/2019",6,21.9,72.26,14.7,0,0,1020.8,47.0518,21.9387
"10/28/2019",7,18.9,75.29,18.2,0,46,1017.1,47.0518,21.9387
"10/29/2019",7.9,11,74.84,20.3,2.64,82.4,1019.2,47.0518,21.9387
"10/30/2019",6,10.9,72.61,20.4,2.86,71.5,1024.3,47.0518,21.9387
"10/31/2019",4,8.9,84.58,12.9,0.48,60.4,1026,47.0518,21.9387
"11/01/2019",1,11.9,81.51,11,0.03,47.6,1024.4,47.0518,21.9387
"11/02/2019",1,11.9,85.78,22.3,2.14,66.6,1013.4,47.0518,21.9387
"11/03/2019",11.9,18,77.37,33.4,4.43,70.6,1004.5,47.0518,21.9387
"11/04/2019",11.9,20.9,70.27,44.7,2.5,59.5,998.7,47.0518,21.9387
"11/05/2019",10.9,20.9,64.39,39,0.06,44.2,1003.5,47.0518,21.9387
"11/06/2019",10,18,89.9,31.7,6.93,68.6,1004.6,47.0518,21.9387
"11/07/2019",9.9,14,94.21,25.9,1.77,62.4,1008.3,47.0518,21.9387
"11/08/2019",7.9,13.9,93.13,12.9,2.84,60.6,1010.5,47.0518,21.9387
"11/09/2019",8.9,19.9,75.38,24.1,0,45.3,1011.1,47.0518,21.9387
"11/10/2019",8.9,18,84.49,27.7,3.42,52.3,1009.5,47.0518,21.9387
"11/11/2019",4.9,11,87.28,25.8,0,44.8,1018.6,47.0518,21.9387
"11/12/2019",6,20.9,63.81,25.6,0,57.4,1012.1,47.0518,21.9387
"11/13/2019",12,20.9,64.73,18.6,0,63.6,1004.6,47.0518,21.9387
"11/14/2019",12.9,16,84,13,0.36,72.1,1010.8,47.0518,21.9387
"11/15/2019",10,14.9,94.7,18.1,0.86,48.9,1014.3,47.0518,21.9387
"11/16/2019",10,20.9,64.43,27.8,0.03,49.7,1017.2,47.0518,21.9387
"11/17/2019",8,18,74.39,12.9,0,50.7,1017.3,47.0518,21.9387
"11/18/2019",7,17,77.4,29.4,0.06,65.8,1016.2,47.0518,21.9387
"11/19/2019",5,18.9,77.51,14.6,0,12.8,1022.8,47.0518,21.9387
"11/20/2019",7,16,76.42,18.3,4.1,66,1017.6,47.0518,21.9387
"11/21/2019",9,17.9,75.64,22.2,1.62,58.4,1016.5,47.0518,21.9387
"11/22/2019",7,12,84.7,9.4,0.45,78.2,1018.9,47.0518,21.9387
"11/23/2019",4,13,81.42,9.4,0.03,50.6,1019.4,47.0518,21.9387
"11/24/2019",4,14.9,79.19,13,0,4.7,1017.6,47.0518,21.9387
"11/25/2019",3,14.9,81.81,13,0.03,0.1,1014.3,47.0518,21.9387
"11/26/2019",2,10.9,90.06,12.8,0,57.6,1013.8,47.0518,21.9387
"11/27/2019",1,11.9,87.54,16.5,0,36.4,1010.9,47.0518,21.9387
"11/28/2019",8,13,87.55,29.5,3.06,60,1005.6,47.0518,21.9387
"11/29/2019",5,10.9,95.89,27.6,2.86,54.3,1007,47.0518,21.9387
"11/30/2019",-1.1,9,79.29,22.3,0.23,55.2,1016.5,47.0518,21.9387
"12/01/2019",-4.1,4.9,81.86,11.2,0,17.8,1027.3,47.0518,21.9387
"12/02/2019",-3,3,90.79,14.6,9.91,69,1020.8,47.0518,21.9387
"12/03/2019",-1.1,1,96.68,18.3,0,87.8,1026.3,47.0518,21.9387
"12/04/2019",-5,-1.1,98.38,9.4,3.08,53.5,1032.4,47.0518,21.9387
"12/05/2019",-6,0,98.07,12.9,0,37.4,1031.9,47.0518,21.9387
"12/06/2019",-6,-1,98.11,14.9,0,88,1027.4,47.0518,21.9387
"12/07/2019",-1,4.9,95.3,11,0,62.4,1019.8,47.0518,21.9387
"12/08/2019",1.9,8.9,92.77,24.1,0.21,49,1019.5,47.0518,21.9387
"12/09/2019",6.9,11.9,74.14,22.4,0,55.2,1011.7,47.0518,21.9387
"12/10/2019",5,7.9,83.95,22.2,0.72,65.2,1014,47.0518,21.9387
"12/11/2019",3,4.9,81.76,18.2,0.63,77.8,1019.3,47.0518,21.9387
"12/12/2019",-2,9.9,87.19,12.9,0.06,61.7,1009.8,47.0518,21.9387
"12/13/2019",5,9.9,86.36,16.3,1.21,73.3,998.7,47.0518,21.9387
"12/14/2019",2.9,6.9,88.01,25.9,3.27,59.3,999.9,47.0518,21.9387
"12/15/2019",2.9,9.9,84.12,25.9,0,30.7,1015.7,47.0518,21.9387
"12/16/2019",8.9,13.9,58.59,25.7,0,66.4,1020.7,47.0518,21.9387
"12/17/2019",9,15.9,59.53,27.6,0,54.2,1021.1,47.0518,21.9387
"12/18/2019",4,14.9,73.39,24.1,0,15.5,1024,47.0518,21.9387
"12/19/2019",4,14,83.95,14.8,0,31.6,1026.2,47.0518,21.9387
"12/20/2019",4,15.9,67.07,25.8,0,58.9,1015.6,47.0518,21.9387
"12/21/2019",11,15,65.31,33.4,0.5,76.6,1002.7,47.0518,21.9387
"12/22/2019",9.9,16,73.7,44.3,1.83,63.8,992.6,47.0518,21.9387
"12/23/2019",5,11.9,90.01,20.4,3.74,75.5,991.8,47.0518,21.9387
"12/24/2019",4,6,94.1,29.3,19.05,52.3,1007.1,47.0518,21.9387
"12/25/2019",2,6.9,95.81,13,0.23,67.1,1012,47.0518,21.9387
"12/26/2019",2.9,6.9,92.5,20.5,0.49,63.8,1018.2,47.0518,21.9387
"12/27/2019",0,4,97.66,18.2,0.93,78,1022.1,47.0518,21.9387
"12/28/2019",0,2.9,80.51,36.7,0.31,55.8,1026.2,47.0518,21.9387
"12/29/2019",-2,1.9,73.89,31.5,0,29.3,1033.3,47.0518,21.9387
"12/30/2019",-6,0,86.18,18.2,0,7.7,1037.9,47.0518,21.9387
"12/31/2019",-4.1,0.9,89.2,29.6,0,53.5,1031.8,47.0518,21.9387
"01/01/2021",2.9,6,87.49,25.9,18.67,84.9,1013.7,47.0518,21.9387
"01/02/2021",2.9,12.9,67.88,14.4,0,28.1,1018.6,47.0518,21.9387
"01/03/2021",2.9,8,79.8,31.1,2.46,72.9,1016,47.0518,21.9387
"01/04/2021",4,8.9,93.69,12.9,6.28,83.5,1013.6,47.0518,21.9387
"01/05/2021",3.9,7,96.89,28.1,15.78,95.1,1010,47.0518,21.9387
"01/06/2021",0.9,9.9,88.73,22.3,2.44,62.2,1014.1,47.0518,21.9387
"01/07/2021",-1,5.9,89.8,24.1,1.83,74.9,1014.5,47.0518,21.9387
"01/08/2021",-2,3.9,92.98,16.5,0,80.1,1016,47.0518,21.9387
"01/09/2021",-4.1,-1.1,99.29,12.8,0,94.7,1021.2,47.0518,21.9387
"01/10/2021",-4,-0.1,97.02,20.5,0,86.6,1023.3,47.0518,21.9387
"01/11/2021",-1,1,96.04,16.5,2.07,94.6,1020.1,47.0518,21.9387
"01/12/2021",-0.1,0.9,99.92,13,1.48,96.1,1017.2,47.0518,21.9387
"01/13/2021",-3,0.9,97.78,27.7,1.66,75.9,1011.2,47.0518,21.9387
"01/14/2021",-4.1,-0.1,97.22,25.8,3.72,88.9,1009.1,47.0518,21.9387
"01/15/2021",-6,-2.1,96.34,14.8,1.8,85.1,1016.5,47.0518,21.9387
"01/16/2021",-13,-5.1,82.72,16.4,0.62,43.7,1020.1,47.0518,21.9387
"01/17/2021",-7,-3.1,84.87,18.4,36.88,90.3,1018.6,47.0518,21.9387
"01/18/2021",-10,-4.1,91.4,14.2,47.95,84.5,1023.6,47.0518,21.9387
"01/19/2021",-8.1,0.9,88.76,29.7,43.76,89.3,1023.5,47.0518,21.9387
"01/20/2021",0,4.9,84.61,33.3,0.78,82.4,1019.3,47.0518,21.9387
"01/21/2021",4.9,10.9,67.26,33.4,0,62.6,1017.4,47.0518,21.9387
"01/22/2021",8.9,12.9,59.11,31.8,0.25,86.5,1011.4,47.0518,21.9387
"01/23/2021",9,13.9,57.73,26,0.02,80.6,1003.5,47.0518,21.9387
"01/24/2021",4,10,87.57,26,1.32,80.2,999.6,47.0518,21.9387
"01/25/2021",0,6,96.98,35.1,10.82,91,998.4,47.0518,21.9387
"01/26/2021",0.9,4,82.56,16.4,0.11,75.1,1009.7,47.0518,21.9387
"01/27/2021",-3,2.9,88.19,12.9,0,66.3,1013.7,47.0518,21.9387
"01/28/2021",-5,1.9,88.53,24.7,0.06,73.1,1012.3,47.0518,21.9387
"01/29/2021",0,5.9,94.53,29.6,4.91,94.1,1003,47.0518,21.9387
"01/30/2021",2.9,9.9,90.28,27.5,2.21,67.7,999.1,47.0518,21.9387
"01/31/2021",-1.1,3,86.33,25.9,2.9,87.4,1003.7,47.0518,21.9387
"02/01/2021",0,3,96.15,24.1,5.21,93.6,1003,47.0518,21.9387
"02/02/2021",0.9,3.9,97.94,20.4,0.33,94,1012.4,47.0518,21.9387
"02/03/2021",1.9,10.9,85.5,27.7,0.1,69.9,1013.4,47.0518,21.9387
"02/04/2021",4,13.9,79.46,40.5,3.52,60.5,1012.3,47.0518,21.9387
"02/05/2021",3,8,90.86,14.7,1.15,81.8,1018.2,47.0518,21.9387
"02/06/2021",4,7.9,98.55,18.1,0.96,95.6,1013.8,47.0518,21.9387
"02/07/2021",2.9,9.9,94.8,9.5,0.03,92.2,1006.8,47.0518,21.9387
"02/08/2021",5,9.9,92.74,27.7,14.3,92.4,996.7,47.0518,21.9387
"02/09/2021",1,12,88.41,29.7,6.66,79.7,1002.6,47.0518,21.9387
"02/10/2021",2.9,10.9,94.47,20.5,4.49,93.5,1006.1,47.0518,21.9387
"02/11/2021",-7,10.9,92.31,29.5,1.42,87.8,1001.9,47.0518,21.9387
"02/12/2021",-9,-6,71.69,24.1,0,83.1,1005,47.0518,21.9387
"02/13/2021",-13,-4,68.19,16.5,0,54.8,1034.5,47.0518,21.9387
"02/14/2021",-7,0,75.34,18.2,6.19,69.2,1034.9,47.0518,21.9387
"02/15/2021",-4,2,74.13,11.2,9.43,33.4,1035.1,47.0518,21.9387
"02/16/2021",-7,2,73.76,11,3.21,46.9,1029.8,47.0518,21.9387
"02/17/2021",-1.1,3.9,68.39,22.4,0.35,92.6,1020.5,47.0518,21.9387
"02/18/2021",-0.1,5.9,95.74,9.3,2.55,80.4,1021.5,47.0518,21.9387
"02/19/2021",0,9,84.88,20.5,1.6,66.7,1025.3,47.0518,21.9387
"02/20/2021",0,6.9,94.16,14.8,0,73.9,1029.2,47.0518,21.9387
"02/21/2021",-3,10.9,87.29,12.9,0,41,1031.1,47.0518,21.9387
"02/22/2021",0,13.9,77.32,12.9,0,0,1030.3,47.0518,21.9387
"02/23/2021",1,14.9,76.22,12.9,0,0,1033,47.0518,21.9387
"02/24/2021",1,15,80.94,12.9,0,4.1,1036.8,47.0518,21.9387
"02/25/2021",2.9,16.9,75.89,12.9,0,0,1034.8,47.0518,21.9387
"02/26/2021",4,17.9,78.97,13,0,0,1027.9,47.0518,21.9387
"02/27/2021",4,9.9,74.99,31.6,0,45.4,1026.8,47.0518,21.9387
"02/28/2021",0,9.9,72.91,20.4,0,14.5,1033.3,47.0518,21.9387
"03/01/2021",0,10.9,74.19,24,0.03,40.6,1031.3,47.0518,21.9387
"03/02/2021",-2,10.9,79,13,0,2.6,1034.3,47.0518,21.9387
"03/03/2021",-0.1,13.9,72.08,20.4,0,0,1030.6,47.0518,21.9387
"03/04/2021",2,11.9,71.49,25.9,0,74.1,1019.3,47.0518,21.9387
"03/05/2021",2,12.9,74.46,31.6,1.35,79.5,1014.5,47.0518,21.9387
"03/06/2021",-3,4.9,62.12,27.5,0,34.5,1028.4,47.0518,21.9387
"03/07/2021",-4,7,61.71,25.9,0,1.4,1025.8,47.0518,21.9387
"03/08/2021",-4,9,60,21.2,0,20.1,1017.1,47.0518,21.9387
"03/09/2021",-2,5.9,49.36,22.1,0,37.8,1019.5,47.0518,21.9387
"03/10/2021",-6,5.9,57.05,23.6,0,26.2,1018.5,47.0518,21.9387
"03/11/2021",-7,8,58.58,27.7,0,35.7,1019.7,47.0518,21.9387
"03/12/2021",4,13.9,67,33.5,1.58,77.2,1013.3,47.0518,21.9387
"03/13/2021",4,13,73.4,20.5,0.05,63.1,1013.4,47.0518,21.9387
"03/14/2021",6,11.9,80.14,29.6,1.94,75.8,1007,47.0518,21.9387
"03/15/2021",4,6.9,94.03,31.6,11.26,95.1,1002.5,47.0518,21.9387
"03/16/2021",3,7,78.77,27.5,5.01,91.3,1004.4,47.0518,21.9387
"03/17/2021",2.9,7,72.61,31.4,2.41,85.6,1008.7,47.0518,21.9387
"03/18/2021",2.9,5.9,68.38,27.5,1.22,83.9,1013.1,47.0518,21.9387
"03/19/2021",-1,6.9,60.09,18.3,1.88,64.3,1014.4,47.0518,21.9387
"03/20/2021",-4,6.9,61.52,16.4,6.42,23.8,1019.9,47.0518,21.9387
"03/21/2021",-4,7.9,60.15,14.2,0,14.5,1016.3,47.0518,21.9387
"03/22/2021",-4,5,67.28,29.5,0,65.7,1010.1,47.0518,21.9387
"03/23/2021",-3,8,59.41,22.3,0,52.6,1017,47.0518,21.9387
"03/24/2021",-1.9,7.9,49.32,22.2,0,18.4,1019,47.0518,21.9387
"03/25/2021",-4,10.9,53.79,16.5,0,16.5,1021.1,47.0518,21.9387
"03/26/2021",-2,13.9,60.09,12.8,0,28,1023.7,47.0518,21.9387
"03/27/2021",0,16.9,59.12,13,0,12.2,1023.9,47.0518,21.9387
"03/28/2021",5,12.9,62.89,26,1.01,57.9,1028.2,47.0518,21.9387
"03/29/2021",0,14,58.11,12.9,0,49.2,1032,47.0518,21.9387
"03/30/2021",5.9,15.9,54.56,16.6,0,82.6,1030.5,47.0518,21.9387
"03/31/2021",6.9,17.9,65.97,11.2,0,59.2,1026.2,47.0518,21.9387
"04/01/2021",7,21.9,72.18,22.3,0,55.4,1017.3,47.0518,21.9387
"04/02/2021",8,16.9,73.06,21.2,0.62,73.7,1010.7,47.0518,21.9387
"04/03/2021",6,12.9,61.37,23.9,0,59.1,1011.5,47.0518,21.9387
"04/04/2021",3,10.9,65.32,25.8,2.98,62.5,1015.9,47.0518,21.9387
"04/05/2021",-2,12.9,58.89,36.8,0,5.8,1012.3,47.0518,21.9387
"04/06/2021",1.9,8.9,67.34,24.2,0.45,72.2,1003.9,47.0518,21.9387
"04/07/2021",-0.1,8.9,74.18,25.7,0.14,61.3,1008.8,47.0518,21.9387
"04/08/2021",-4,6.9,76.7,31.6,2.75,31.7,1020.2,47.0518,21.9387
"04/09/2021",-3,11.9,66.78,22.2,0.02,18.1,1027.4,47.0518,21.9387
"04/10/2021",2,16.9,45.17,31.6,0,7.1,1022.4,47.0518,21.9387
"04/11/2021",4,19.9,48.5,22.1,0,43.1,1021.3,47.0518,21.9387
"04/12/2021",10,21.9,44.75,24.1,0,64.5,1018.6,47.0518,21.9387
"04/13/2021",5.9,14,82.34,14.7,6.79,71.4,1015.4,47.0518,21.9387
"04/14/2021",2,5.9,93.58,20.3,14.58,95.7,1016,47.0518,21.9387
"04/15/2021",2,6.9,82.82,16.5,2.16,84,1019.1,47.0518,21.9387
"04/16/2021",2,8,81.56,24.1,0.06,71.6,1019.4,47.0518,21.9387
"04/17/2021",0,12,70.6,16.5,0,30.5,1018.2,47.0518,21.9387
"04/18/2021",6,10,84.77,12.8,1.89,90.8,1016.1,47.0518,21.9387
"04/19/2021",6,10.9,87.46,14.6,1.01,85.2,1015.3,47.0518,21.9387
"04/20/2021",4.9,13.9,90.63,18.2,3,69.6,1012.3,47.0518,21.9387
"04/21/2021",6,16,79.2,18.4,0.24,61,1015.2,47.0518,21.9387
"04/22/2021",7.9,18.9,70.97,35.2,2.91,33.8,1016.8,47.0518,21.9387
"04/23/2021",4,13.9,66.06,18.2,0,56.3,1020.4,47.0518,21.9387
"04/24/2021",1,14.9,61.93,18,0,5.2,1022.6,47.0518,21.9387
"04/25/2021",1,17.9,63.73,22.3,0.33,19.4,1018.2,47.0518,21.9387
"04/26/2021",1.9,11.9,55.57,18.3,0,40.6,1018.1,47.0518,21.9387
"04/27/2021",5.9,14,50.09,18.1,0,63.8,1013.2,47.0518,21.9387
"04/28/2021",7,16.9,63.07,9.5,0.08,68.5,1011.8,47.0518,21.9387
"04/29/2021",9.9,21.9,74.04,25.8,0.11,65.8,1011.2,47.0518,21.9387
"04/30/2021",12,22.9,78,25.7,5.01,58.4,1011.4,47.0518,21.9387
"05/01/2021",12,22.9,78.61,16.5,0.65,63.3,1010.7,47.0518,21.9387
"05/02/2021",11,23.9,69.85,40.5,0.55,69.1,1006.7,47.0518,21.9387
"05/03/2021",5.9,15.9,63.37,27.5,0,35.1,1016.9,47.0518,21.9387
"05/04/2021",2,18,56.25,18.3,0,1,1017.7,47.0518,21.9387
"05/05/2021",7,21.9,55.06,35.3,0,40.3,1007.6,47.0518,21.9387
"05/06/2021",7.9,15.9,60.83,24.1,1.86,81.7,1013.6,47.0518,21.9387
"05/07/2021",7,13.9,82.12,24.1,5.82,79.6,1010.5,47.0518,21.9387
"05/08/2021",6,14.9,67.21,16.4,3.31,55.1,1019.2,47.0518,21.9387
"05/09/2021",4,20.9,55.16,14.7,0,3.2,1023.3,47.0518,21.9387
"05/10/2021",7.9,26.9,52.47,14.6,0,1.3,1019.2,47.0518,21.9387
"05/11/2021",10,28,58.78,14.5,0,0,1014.2,47.0518,21.9387
"05/12/2021",12,27.9,60.53,22.2,0.18,13.6,1006.5,47.0518,21.9387
"05/13/2021",11.9,19.9,86.22,29.5,8.77,66.6,1004.4,47.0518,21.9387
"05/14/2021",11,17,82.56,25.9,7.5,72,1007.1,47.0518,21.9387
"05/15/2021",8,21.9,72.56,14.7,0.06,32.9,1009.9,47.0518,21.9387
"05/16/2021",10,16.9,87.82,16.6,2.1,49.8,1008.3,47.0518,21.9387
"05/17/2021",9,20.9,83.7,31.5,2.74,31.6,1005.5,47.0518,21.9387
"05/18/2021",10,14,95.22,29.4,26.04,74.8,1006.5,47.0518,21.9387
"05/19/2021",7,18.9,79.26,13,0.96,33.5,1010.7,47.0518,21.9387
"05/20/2021",10,15.9,86.85,27.5,7.41,59.7,1009.8,47.0518,21.9387
"05/21/2021",6,20.9,68.29,16.5,0.03,49,1016.7,47.0518,21.9387
"05/22/2021",11,19.9,69.91,31.6,0,74.5,1014.6,47.0518,21.9387
"05/23/2021",12,23,81.27,35.3,4.82,66.3,1014.8,47.0518,21.9387
"05/24/2021",9,19,81.12,14.8,0.1,68.7,1021.9,47.0518,21.9387
"05/25/2021",14,25.9,73.47,31.6,4.04,39.6,1014.8,47.0518,21.9387
"05/26/2021",8,21.9,64.95,22.2,4.71,28.7,1019.6,47.0518,21.9387
"05/27/2021",9,23,64.27,12.9,0,10.9,1015,47.0518,21.9387
"05/28/2021",12.9,22.9,67.95,23.9,0,65.7,1014.3,47.0518,21.9387
"05/29/2021",11,19.9,71.99,34.6,0.28,66.2,1016.3,47.0518,21.9387
"05/30/2021",5,16.9,79.71,23.7,0.41,37.6,1018.1,47.0518,21.9387
"05/31/2021",8,15.9,84.13,29.3,2.85,62.9,1016.4,47.0518,21.9387
"06/01/2021",9.9,20.9,63.84,23.8,0.15,44.6,1015.3,47.0518,21.9387
"06/02/2021",9,19.9,63.24,22.1,0,44.4,1019.5,47.0518,21.9387
"06/03/2021",8,22.9,62.79,14.7,0,47.1,1023,47.0518,21.9387
"06/04/2021",11,24.9,60.69,11,0,33.8,1023.8,47.0518,21.9387
"06/05/2021",10,26.9,62.49,18.5,0,24.3,1020.4,47.0518,21.9387
"06/06/2021",15,24.9,67.6,18.2,0.84,43.4,1016.9,47.0518,21.9387
"06/07/2021",13,26.9,60.94,16.6,0,13.3,1017,47.0518,21.9387
"06/08/2021",14,26.9,59.58,20.4,0,7.4,1016.3,47.0518,21.9387
"06/09/2021",12,28.9,59.5,23.7,0,6.5,1014.9,47.0518,21.9387
"06/10/2021",13,25.9,65.14,22.2,0,20.4,1015,47.0518,21.9387
"06/11/2021",12,26.9,60.48,18.2,0,26.2,1014.5,47.0518,21.9387
"06/12/2021",12,27.9,66.03,14.7,0,24.6,1014.3,47.0518,21.9387
"06/13/2021",14,21,64.52,36.7,5,52.1,1014.6,47.0518,21.9387
"06/14/2021",11,19.9,63.78,33.2,0.12,62.9,1018.1,47.0518,21.9387
"06/15/2021",9,25.9,69.95,18.1,0,46.5,1016.8,47.0518,21.9387
"06/16/2021",13,27.9,62.26,16.6,0,11.1,1015.2,47.0518,21.9387
"06/17/2021",14,28.9,59.77,20.4,0,13.8,1017.2,47.0518,21.9387
"06/18/2021",17.9,30.9,55.37,18.2,0,16.5,1017.1,47.0518,21.9387
"06/19/2021",18,28.9,60.02,18.4,0,15.5,1014.3,47.0518,21.9387
"06/20/2021",16,29.9,59.47,18,0,19.7,1012.8,47.0518,21.9387
"06/21/2021",18,32.9,60.73,13,0,32.3,1009.5,47.0518,21.9387
"06/22/2021",20,33.9,61.04,20.4,0,31.2,1010.3,47.0518,21.9387
"06/23/2021",20,35.9,55.63,16.5,0,3.3,1013.7,47.0518,21.9387
"06/24/2021",19,36.9,49.55,12.9,0,4.3,1015.4,47.0518,21.9387
"06/25/2021",24,35.9,50.82,24,3.69,33.8,1012.5,47.0518,21.9387
"06/26/2021",18.5,30.9,69.55,42,7.32,52,1014.2,47.0518,21.9387
"06/27/2021",17,29.9,61.65,14.6,0,8.3,1015.5,47.0518,21.9387
"06/28/2021",17,32.9,55.57,18,0.25,25.6,1016.5,47.0518,21.9387
"06/29/2021",20,34.9,50.33,16.5,0,9.6,1013,47.0518,21.9387
"06/30/2021",23,35.9,47.48,29.4,0.77,26.6,1008.5,47.0518,21.9387
"07/01/2021",18,28.9,66.74,30.9,4.16,42.1,1009.7,47.0518,21.9387
"07/02/2021",15.9,23.9,71.81,20.5,1.51,42,1011.8,47.0518,21.9387
"07/03/2021",15,24.9,83.1,20.5,20.63,67.9,1012.8,47.0518,21.9387
"07/04/2021",16,25.9,70.67,14.6,0.03,57.2,1011.6,47.0518,21.9387
"07/05/2021",15,28.9,62.83,16.4,0,23.1,1010.1,47.0518,21.9387
"07/06/2021",16,31.9,60.61,14.5,0,3.9,1013,47.0518,21.9387
"07/07/2021",18,33.9,54.65,14.6,0,2.5,1015.4,47.0518,21.9387
"07/08/2021",18.9,35.9,57.21,14.1,0,0.2,1018.4,47.0518,21.9387
"07/09/2021",22,34.9,55.88,14.6,0,33.9,1016.6,47.0518,21.9387
"07/10/2021",20,32.9,61.37,23.8,0.25,57.6,1016.2,47.0518,21.9387
"07/11/2021",18,33.9,76.09,12.9,5.26,37.1,1014.3,47.0518,21.9387
"07/12/2021",20,32.9,59.78,14.7,2,29.9,1013.2,47.0518,21.9387
"07/13/2021",20,34,56.19,14.8,0,11.1,1012.2,47.0518,21.9387
"07/14/2021",22,36,49.49,18.3,0,4.6,1011.2,47.0518,21.9387
"07/15/2021",21,33.9,63.08,21,22.32,39,1011.1,47.0518,21.9387
"07/16/2021",20,31.9,66.61,24,7.44,54.8,1011.7,47.0518,21.9387
"07/17/2021",19,32.9,66.43,18.1,1.27,63.9,1010.2,47.0518,21.9387
"07/18/2021",20,33.9,58.08,22.3,0,26.1,1008.7,47.0518,21.9387
"07/19/2021",20,27,74.92,23.8,0.9,47.3,1009.8,47.0518,21.9387
"07/20/2021",19,24.9,82.63,18.3,8.36,63.3,1011.3,47.0518,21.9387
"07/21/2021",12.9,24.9,74.2,20.4,0.63,46,1017,47.0518,21.9387
"07/22/2021",14,27,61.88,18.2,0,41.7,1019.4,47.0518,21.9387
"07/23/2021",13,27.9,57.93,11.3,0,30.1,1016.8,47.0518,21.9387
"07/24/2021",16,30.9,53.56,12.9,0,34.5,1015.4,47.0518,21.9387
"07/25/2021",17,32.9,51.03,16.7,0,14.4,1014.8,47.0518,21.9387
"07/26/2021",21,33.9,47.77,28.2,0,55.4,1014.4,47.0518,21.9387
"07/27/2021",23,35,44.78,35.2,0,51.1,1015.9,47.0518,21.9387
"07/28/2021",21.9,33.9,57.7,17.5,1.42,14.5,1013.9,47.0518,21.9387
"07/29/2021",21,32.9,54.22,24,0.22,29,1012.4,47.0518,21.9387
"07/30/2021",16,32.9,51.55,12.9,0,0.1,1011.9,47.0518,21.9387
"07/31/2021",18,34.9,57.34,33.4,1.23,23.2,1009.2,47.0518,21.9387
"08/01/2021",20,37.9,63,48,2.22,29.8,1008.2,47.0518,21.9387
"08/02/2021",18.9,27.9,66.07,24,0.36,27,1010.9,47.0518,21.9387
"08/03/2021",14.9,28.9,59.04,16.3,0,17.2,1015.3,47.0518,21.9387
"08/04/2021",18,30,57.02,18.1,0.12,65.2,1014.1,47.0518,21.9387
"08/05/2021",18,31.9,69.8,34.7,2.01,37.9,1006.9,47.0518,21.9387
"08/06/2021",16,25.9,68.86,33.2,2.59,61.3,1005.8,47.0518,21.9387
"08/07/2021",13,29.9,59.46,18.2,0,10.9,1011.8,47.0518,21.9387
"08/08/2021",16.9,35.9,48.17,24.1,0,1.8,1012.9,47.0518,21.9387
"08/09/2021",20,30.9,64.53,27.8,1.47,20.8,1016.8,47.0518,21.9387
"08/10/2021",17,31.9,62.7,14.6,0,9.5,1017.8,47.0518,21.9387
"08/11/2021",17,33.9,52.57,18.2,0,8.4,1016.3,47.0518,21.9387
"08/12/2021",16,28.9,55.62,22.1,0,25.9,1020.2,47.0518,21.9387
"08/13/2021",16,29.9,50.22,16.3,0,6.2,1023,47.0518,21.9387
"08/14/2021",18,33.9,46.94,18,0,10.8,1020.6,47.0518,21.9387
"08/15/2021",19,35.9,50.1,16.7,0,9.3,1015.9,47.0518,21.9387
"08/16/2021",22.9,37,46.68,28.3,0,26.2,1011.2,47.0518,21.9387
"08/17/2021",16,28,69.21,27.4,4.17,36.8,1011,47.0518,21.9387
"08/18/2021",12.9,22.9,67.6,14.6,0.02,59.9,1015.5,47.0518,21.9387
"08/19/2021",10,25.9,61.09,14.6,0,2.3,1016.1,47.0518,21.9387
"08/20/2021",12,28.9,53.13,18.3,0,7.9,1016.4,47.0518,21.9387
"08/21/2021",15,27.9,55.75,12.9,0,34.8,1018.1,47.0518,21.9387
"08/22/2021",15,29.9,54.68,12.9,0,9.4,1018.3,47.0518,21.9387
"08/23/2021",17,33,50.17,23.9,0.53,18.6,1014.8,47.0518,21.9387
"08/24/2021",17,24.9,80.36,25.8,7.9,70.6,1016.1,47.0518,21.9387
"08/25/2021",13,19.9,73.79,25.8,1.77,58.6,1016.1,47.0518,21.9387
"08/26/2021",12,23.9,67.18,24,0.03,43.3,1011.9,47.0518,21.9387
"08/27/2021",12,18,84.17,12.9,5.05,68.2,1012,47.0518,21.9387
"08/28/2021",12,21,79.48,13,2.3,70.2,1014.9,47.0518,21.9387
"08/29/2021",14,21.9,80.75,18.4,12.91,70.7,1010.3,47.0518,21.9387
"08/30/2021",13.9,22.9,81.12,29.5,2.38,70.1,1012.1,47.0518,21.9387
"08/31/2021",12.9,21.9,77.02,28.2,1.17,55.1,1014.3,47.0518,21.9387
"09/01/2021",14.9,22.9,81.29,24.6,14.97,75.9,1015.6,47.0518,21.9387
"09/02/2021",10,20,74.83,16.5,0,37.2,1022,47.0518,21.9387
"09/03/2021",9,23,68.6,11.2,0,14.4,1021.8,47.0518,21.9387
"09/04/2021",11,25,64.22,11,0,18.3,1017.8,47.0518,21.9387
"09/05/2021",11,24.9,61.06,20.4,0,8.2,1020.3,47.0518,21.9387
"09/06/2021",5,23,59.72,16.4,0,0.1,1024.1,47.0518,21.9387
"09/07/2021",8,25,58.01,12.9,0,1.9,1025.3,47.0518,21.9387
"09/08/2021",9,25.9,54.75,14.6,0,6.5,1024.3,47.0518,21.9387
"09/09/2021",11,27.9,57.43,16.5,0,17.5,1020.8,47.0518,21.9387
"09/10/2021",11,27,57.6,14.6,0,7.5,1018.8,47.0518,21.9387
"09/11/2021",12,27.9,54.07,16.4,0,1.4,1017.4,47.0518,21.9387
"09/12/2021",13,27.9,56.05,14.5,0,6.7,1015.8,47.0518,21.9387
"09/13/2021",12,28.9,57.97,12.9,0,13.4,1015.5,47.0518,21.9387
"09/14/2021",14.9,28,59.4,14.7,0,17.7,1016.6,47.0518,21.9387
"09/15/2021",15,29.9,61.27,11.1,0,9.7,1017.5,47.0518,21.9387
"09/16/2021",16,28.9,57.07,27.6,0.08,43.4,1014.5,47.0518,21.9387
"09/17/2021",16,25.9,72.25,36.9,15.48,66.2,1009.9,47.0518,21.9387
"09/18/2021",12.9,21,77.14,29.5,4.18,68,1011.6,47.0518,21.9387
"09/19/2021",11,19.9,74.47,20.5,0,64.5,1012.3,47.0518,21.9387
"09/20/2021",10,15,64.78,25.8,0.99,50.3,1015,47.0518,21.9387
"09/21/2021",7,16,60.03,20.4,0,41.5,1023.8,47.0518,21.9387
"09/22/2021",8,13.9,71.77,16.4,0.21,76.7,1021.4,47.0518,21.9387
"09/23/2021",2,17,71.16,24.1,0,50.5,1021.3,47.0518,21.9387
"09/24/2021",10,21.9,58.41,39,0,62.8,1013.9,47.0518,21.9387
"09/25/2021",8,23,70.13,18.4,0,7.1,1019.5,47.0518,21.9387
"09/26/2021",11,27.9,63.48,12.9,0,0.5,1020.7,47.0518,21.9387
"09/27/2021",12,24.9,68.9,16.4,0.1,41.5,1017.1,47.0518,21.9387
"09/28/2021",15.9,21,82.57,14.5,2.46,73,1017.6,47.0518,21.9387
"09/29/2021",15,17,92.32,16.6,3.3,92.1,1021.1,47.0518,21.9387
"09/30/2021",13.9,15.9,90.49,11.1,1.98,95,1025.4,47.0518,21.9387
"10/01/2021",11,15,95.52,9.4,0.1,83.7,1027.1,47.0518,21.9387
"10/02/2021",10,19.9,86.41,14.6,0,57.5,1023.8,47.0518,21.9387
"10/03/2021",7,22.9,66.24,14.6,0,9.8,1022.1,47.0518,21.9387
"10/04/2021",8,24.9,59.73,14.7,0,0,1021.7,47.0518,21.9387
"10/05/2021",11,24.9,57.78,20.4,0,10.4,1020.4,47.0518,21.9387
"10/06/2021",10,20.9,59.44,12.8,0,55.8,1019.9,47.0518,21.9387
"10/07/2021",12,19,61.15,18.2,0.16,80.2,1020.9,47.0518,21.9387
"10/08/2021",9,17,53.71,20.5,0,59.8,1024.9,47.0518,21.9387
"10/09/2021",0.9,16,54.28,18.3,0,30.5,1027,47.0518,21.9387
"10/10/2021",8,17.9,53.14,12.9,0,58.7,1024.2,47.0518,21.9387
"10/11/2021",9,16.9,67.61,16.6,1.08,91.1,1019.2,47.0518,21.9387
"10/12/2021",7,12.9,87.49,35.4,8.43,79.5,1014.9,47.0518,21.9387
"10/13/2021",3,12.9,86.95,17.5,2.7,52.3,1015,47.0518,21.9387
"10/14/2021",4,11.9,85.6,13.1,0.97,58.2,1022.4,47.0518,21.9387
"10/15/2021",1,15.9,77.78,14.6,0.05,29.8,1021.2,47.0518,21.9387
"10/16/2021",7.9,16,69.49,22.2,0.95,66.8,1018.2,47.0518,21.9387
"10/17/2021",2,15.9,72.19,14.6,0,4.4,1021.4,47.0518,21.9387
"10/18/2021",2,13.9,78.12,20.5,0,16.1,1024.5,47.0518,21.9387
"10/19/2021",4,17,72.34,11.2,0,41.8,1028.6,47.0518,21.9387
"10/20/2021",4,19,70.63,22.2,0,7.4,1025,47.0518,21.9387
"10/21/2021",8,21,53.81,42.4,0.03,50.7,1014.6,47.0518,21.9387
"10/22/2021",12,18.9,62.01,23.9,0.71,74.1,1016.3,47.0518,21.9387
"10/23/2021",3,15.9,59.57,31.5,0.02,45.5,1022.6,47.0518,21.9387
"10/24/2021",-1,12.9,67.57,20.3,0,11.7,1031.6,47.0518,21.9387
"10/25/2021",0,15.9,61.64,12.9,0,0,1030.1,47.0518,21.9387
"10/26/2021",1,15,65.88,13,0,2.2,1025,47.0518,21.9387
"10/27/2021",-0.1,14.9,70.83,12.9,0,0.1,1027.3,47.0518,21.9387
"10/28/2021",1,16,68.47,11.1,0,1.3,1027.5,47.0518,21.9387
"10/29/2021",3,18,64.18,12.9,0,0,1023.9,47.0518,21.9387
"10/30/2021",3,17.9,67.14,12.9,0,0,1022.3,47.0518,21.9387
"10/31/2021",2,15.9,74.91,12.9,0,0,1020.3,47.0518,21.9387
"11/01/2021",2,16.9,73.28,12.9,0,0,1013.1,47.0518,21.9387
"11/02/2021",4,11.9,79.38,27.7,3.64,56.9,1004.5,47.0518,21.9387
"11/03/2021",5,16.9,73.51,21.4,0.1,68.8,1011.5,47.0518,21.9387
"11/04/2021",12.9,24.9,69.14,46.2,6.99,80,1009,47.0518,21.9387
"11/05/2021",10,14.9,97,20.5,19.55,85.7,1018.1,47.0518,21.9387
"11/06/2021",5,12.9,90.23,14.6,1.15,57,1027.3,47.0518,21.9387
"11/07/2021",7,9,98.57,16.6,2.61,92.6,1021.8,47.0518,21.9387
"11/08/2021",5,9,96.14,16.2,8.12,69.8,1019.5,47.0518,21.9387
"11/09/2021",2.9,11,93.23,16.4,0.02,51.6,1029,47.0518,21.9387
"11/10/2021",0,12,84.16,16.5,0,0,1033.8,47.0518,21.9387
"11/11/2021",0,12.9,82.27,11.2,0,7,1028.4,47.0518,21.9387
"11/12/2021",0,11.9,80.52,11.2,0,0.3,1022.7,47.0518,21.9387
"11/13/2021",-1,3.9,99.33,11,0,59.6,1021,47.0518,21.9387
"11/14/2021",0.9,14,77.17,18.3,0,37.2,1020.9,47.0518,21.9387
"11/15/2021",1,11.9,89.28,11.1,0,14.4,1025.9,47.0518,21.9387
"11/16/2021",1,12.9,83.55,12.9,0,2.1,1027.5,47.0518,21.9387
"11/17/2021",0,10.9,84.9,12.9,0,5.7,1023.4,47.0518,21.9387
"11/18/2021",-1,5,96.51,12.9,0.57,73.7,1025.6,47.0518,21.9387
"11/19/2021",3.9,6.9,93.49,29.5,0.43,86.5,1025.1,47.0518,21.9387
"11/20/2021",3,8.9,94.98,20.6,0.1,70.1,1022,47.0518,21.9387
"11/21/2021",2,9.9,92.76,18.3,0,40,1015.2,47.0518,21.9387
"11/22/2021",2,10.9,88.03,16.5,0.03,53.7,1014.2,47.0518,21.9387
"11/23/2021",-1,8,77.54,20.4,0.05,32.9,1023.1,47.0518,21.9387
"11/24/2021",-3,6.9,85.04,14.6,0,0,1026.3,47.0518,21.9387
"11/25/2021",-2,9,81.8,14.2,0,46.7,1017.6,47.0518,21.9387
"11/26/2021",5,9.9,80.05,29.5,3.35,82.9,1001.3,47.0518,21.9387
"11/27/2021",3,8,92.07,31.9,4.75,68.7,998.4,47.0518,21.9387
"11/28/2021",4.9,14.9,84.43,22.2,1.16,76.6,996.4,47.0518,21.9387
"11/29/2021",3,8,91.95,25.9,8.95,90.7,996.4,47.0518,21.9387
"11/30/2021",0.9,4,83.79,39.1,1.1,87.7,1006.9,47.0518,21.9387
"12/01/2021",1,8,83.99,33.3,4.1,63.8,1006.9,47.0518,21.9387
"12/02/2021",7,11.9,74.63,35.3,0.76,88.7,1001.9,47.0518,21.9387
"12/03/2021",-3,9.9,84.35,25.8,9.99,72,1007.1,47.0518,21.9387
"12/04/2021",-6,2.9,92.8,10.6,0,22.1,1012,47.0518,21.9387
"12/05/2021",-0.1,7,90.39,18,0.22,86.4,1006,47.0518,21.9387
"12/06/2021",3,5.9,97.72,17.6,7.5,93.6,1005.3,47.0518,21.9387
"12/07/2021",2,3,91.46,20.3,1.71,90.1,1007.5,47.0518,21.9387
"12/08/2021",0.9,3,86.91,16.5,0.85,85.1,1010.4,47.0518,21.9387
"12/09/2021",-2,7,85.46,14.7,1.6,59.5,1006.2,47.0518,21.9387
"12/10/2021",2.9,6,96.9,27.5,1.57,93.6,1005.6,47.0518,21.9387
"12/11/2021",0.9,5,97.11,24.6,0,82.4,1008.7,47.0518,21.9387
"12/12/2021",2.9,4.9,94.24,33.3,8.69,93.6,1011.9,47.0518,21.9387
"12/13/2021",0,2,96.24,16.6,1.25,94.6,1021.9,47.0518,21.9387
"12/14/2021",0,1.9,93.09,10.9,0.91,74.4,1026,47.0518,21.9387
"12/15/2021",-2,3,97.88,9.2,0,66.8,1028.9,47.0518,21.9387
"12/16/2021",-1,2.9,97.89,7.4,0.53,82.2,1029.4,47.0518,21.9387
"12/17/2021",-0.1,6.5,87.71,25.9,0.15,67.8,1026.3,47.0518,21.9387
"12/18/2021",-1,4.9,82.84,20.4,0,55.2,1027.5,47.0518,21.9387
"12/19/2021",0.9,2.9,94.75,29.5,1.33,88.1,1017.7,47.0518,21.9387
"12/20/2021",-1,3.9,87.13,20.2,0.56,74.9,1013.9,47.0518,21.9387
"12/21/2021",-5,0,74.49,17.5,0.57,43.2,1023.2,47.0518,21.9387
"12/22/2021",-7,0,72.06,16.5,0.35,40.4,1027.9,47.0518,21.9387
"12/23/2021",-7,0.9,68.26,16.6,0,73.2,1024.3,47.0518,21.9387
"12/24/2021",0,6.9,89.71,33.5,11.14,88,1008.1,47.0518,21.9387
"12/25/2021",-0.1,9,91.79,24.8,6.95,91.8,1006.8,47.0518,21.9387
"12/26/2021",-2,-0.1,90.92,20.4,3.95,82.1,1010.8,47.0518,21.9387
"12/27/2021",-2.1,0.9,96.93,17.6,7.01,93.9,1010.7,47.0518,21.9387
"12/28/2021",-0.1,2,98.75,16.5,2.7,91.5,1011.3,47.0518,21.9387
"12/29/2021",1.9,4,99.09,18.4,2.45,93.1,1008.9,47.0518,21.9387
"12/30/2021",1,3,99.94,22.4,0,96.1,1019.4,47.0518,21.9387
"12/31/2021",3,8.9,96.39,29.6,1.16,92.4,1021.6,47.0518,21.9387
